0 -0.050957048428382896 -0.04731349965863266 
1 -0.04283649423848159 -0.044162314698114935 
2 -0.04946300240244066 -0.04849881424541822 
3 -0.044314868494469056 -0.04586591896061855 
4 -0.04477850997431516 -0.04392873952272345 
5 -0.034159583234080707 -0.038855408819881705 
6 -0.04875176919138658 -0.047512337439891666 
7 -0.045867397345748316 -0.04672054771171904 
8 -0.03916849948333873 -0.04167065697288894 
9 -0.056959381666218785 -0.051376869587744144 
10 -0.06488758790202191 -0.05667160389715372 
11 -0.03130834030595024 -0.03764222033810543 
12 -0.04025857595116215 -0.04429255207743446 
13 -0.03651588870819654 -0.03853725249264944 
14 -0.04425350473175607 -0.04409242455537474 
15 -0.04075720191334408 -0.04301579366734986 
16 -0.05700684185754653 -0.05205872720487226 
17 -0.04782735304127539 -0.04530260431144747 
18 -0.04894149683709396 -0.04730025746095069 
19 -0.04091877537921943 -0.043502482500624155 
20 -0.036574840305724846 -0.040960797098906966 
21 -0.044432986829617764 -0.044577382643686436 
22 -0.029059548413690628 -0.037059941715384626 
23 -0.041448526332378686 -0.04202317233072351 
24 -0.05809681726359271 -0.053233906387379334 
25 -0.03913057918258496 -0.04145473493648303 
26 -0.04177413740859798 -0.04439431566619172 
27 -0.056916279182485666 -0.05157552375933881 
28 -0.05710841291173802 -0.05283102193710356 
29 -0.05388711483580766 -0.04885833547224657 
30 -0.03722866543092522 -0.041996626440163325 
31 -0.026444909663683475 -0.03481200691790842 
32 -0.037390037616888104 -0.03993975205398007 
33 -0.050601184701069245 -0.048744449190548544 
34 -0.04819550455664785 -0.04604383512981282 
35 -0.04988722864132956 -0.047306985174836065 
36 -0.06030918609953901 -0.05320596953288726 
37 -0.037284970859440617 -0.0407058612591194 
38 -0.03973554061610575 -0.04228936648779482 
39 -0.03273929043921727 -0.03825568705281313 
40 -0.035531287520731904 -0.04007833143398689 
41 -0.05041936239261428 -0.048697416646771706 
42 -0.050712753273542674 -0.049218623112612825 
43 -0.04062498164671815 -0.04416236046388884 
44 -0.037748465355866456 -0.04190795777294674 
45 -0.04237131669532854 -0.04470797022796181 
46 -0.030149854256408877 -0.035619170813132754 
47 -0.047894889192646034 -0.048830992829539246 
48 -0.0377506511654843 -0.040710146093579216 
49 -0.03787859772889437 -0.04024529700690666 
50 -0.0361530243108617 -0.04062814644561843 
51 -0.05080163123057672 -0.0493783252349337 
52 -0.05327959036134441 -0.050646519178052005 
53 -0.046360365730191685 -0.04716064205224772 
54 -0.04237884300656237 -0.04303837172650069 
55 -0.04471889603515162 -0.04445700712929406 
56 -0.045415700399015456 -0.044338209874648406 
57 -0.04735582557733754 -0.0453729765333869 
58 -0.04588330986494067 -0.043653992011346794 
59 -0.04064761665839359 -0.04169524904838919 
60 -0.04564744889351988 -0.04653877049229016 
61 -0.04722862024273627 -0.04556773178322713 
62 -0.039800949105055494 -0.04229102579950952 
63 -0.03834463232901214 -0.0412454650508278 
64 -0.04391336193109853 -0.045087403243413024 
65 -0.03868315666978304 -0.041333656530496726 
66 -0.054222235760225446 -0.05208185499777576 
67 -0.04752659544345857 -0.047042838793208856 
68 -0.048857843730564676 -0.04579079044236711 
69 -0.041754227416410925 -0.04532892092979358 
70 -0.05179695747895668 -0.05020528701460098 
71 -0.047123078252585784 -0.04717310056121883 
72 -0.051305707637299414 -0.049149867962480255 
73 -0.04965956515009048 -0.046228885627068186 
74 -0.03964587966328206 -0.042653555448667106 
75 -0.04357760140399521 -0.04400391078028751 
76 -0.05115789090149055 -0.048885246640845134 
77 -0.042389025394585826 -0.04285372070262866 
78 -0.03638176108011325 -0.04243824966327102 
79 -0.050313518393315666 -0.04925507441052329 
80 -0.03408566887141216 -0.03867976245761685 
81 -0.04809255155424388 -0.04807777210566767 
82 -0.04234846076233555 -0.04298028349331935 
83 -0.03940637105104995 -0.04282766414419462 
84 -0.033183790028097675 -0.0384133064931371 
85 -0.05763046832571874 -0.05230073407137379 
86 -0.051935086107780165 -0.05005236492726654 
87 -0.05516994142280469 -0.04920908521593144 
88 -0.04490561617256186 -0.04683519150443814 
89 -0.044063911216545244 -0.0452737372874958 
90 -0.041438305406755666 -0.04123322067275034 
91 -0.04909872489563097 -0.046618489660335466 
92 -0.04126892844980322 -0.04210945757110887 
93 -0.033260557150992145 -0.039075815717671415 
94 -0.0593353684743835 -0.0523604504326465 
95 -0.05546234547445925 -0.049470954072403296 
96 -0.05157310743631764 -0.04979139163465614 
97 -0.03835074306424479 -0.04129144823277207 
98 -0.04394691508245479 -0.04543916922740478 
99 -0.052383978734512705 -0.04965480688497623 
100 -0.03974557093252343 -0.042814071936592715 
101 -0.033681822952652554 -0.038016851478538526 
102 -0.05784240901243537 -0.050716326127923025 
103 -0.05697132934898199 -0.05077204470624357 
104 -0.06022280333290089 -0.054479893255928294 
105 -0.042600890231558275 -0.04287967497258866 
106 -0.038003213731842754 -0.04126784052270111 
107 -0.03875528948993245 -0.04184036363266781 
108 -0.03473825529599453 -0.038865212029717336 
109 -0.05829179865240146 -0.05296559024340938 
110 -0.053345709830677344 -0.04955945598393624 
111 -0.05864151453461785 -0.05439284474735883 
112 -0.04713297427407154 -0.04513657889355878 
113 -0.0494821312192099 -0.04658594275775264 
114 -0.05689018876007424 -0.052043982506235265 
115 -0.037358412002222986 -0.041471308792592323 
116 -0.053362587732725966 -0.05055925494460881 
117 -0.0426340182618949 -0.04335487122907953 
118 -0.043725997957249345 -0.044239288737357815 
119 -0.03852542675118646 -0.0403690477359415 
120 -0.04475933458046993 -0.0444220989460402 
121 -0.04794913390984348 -0.046096341286164876 
122 -0.0452883525680262 -0.04469506801342876 
123 -0.039181018526564214 -0.041611973781432554 
124 -0.03931408637574352 -0.042776776119119383 
125 -0.03875735521597117 -0.04210182239618786 
126 -0.03811508677221383 -0.04288284552094345 
127 -0.05917757751224263 -0.05322867011560005 
128 -0.045237172877971306 -0.04548108191802103 
129 -0.04492770429203997 -0.04640441458296183 
130 -0.049049150603285914 -0.045616736972009145 
131 -0.06427460322274561 -0.05477573997216162 
132 -0.03384504966541438 -0.039592518443324044 
133 -0.05304273059614468 -0.049736936477570305 
134 -0.0472582842005999 -0.04746079783947009 
135 -0.04582607566451036 -0.04482673906565213 
136 -0.06165524846732101 -0.05457535302398926 
137 -0.04259202807125974 -0.042902579816244096 
138 -0.038726678037707574 -0.04127749390254771 
139 -0.030815194684467074 -0.036391763806588706 
140 -0.03574847421004225 -0.039399562488666 
141 -0.03352774515574266 -0.038749904422748505 
142 -0.05304893063265071 -0.051354119756859204 
143 -0.036162139770850546 -0.04042657325896155 
144 -0.03962521373493525 -0.041596390421881665 
145 -0.05831176182035406 -0.05303918405565461 
146 -0.04878140976892818 -0.04663164970198837 
147 -0.05436794515827961 -0.0488340118985027 
148 -0.046220644734189915 -0.04740834300340667 
149 -0.045767622680015684 -0.04550088131214628 
150 -0.041610284270092425 -0.04424499863091688 
151 -0.04038037082089866 -0.04185130545447649 
152 -0.045564947711893525 -0.044184176400476484 
153 -0.04937057734502264 -0.04665471662202189 
154 -0.04238930776415327 -0.041607774714648646 
155 -0.050939370945492966 -0.049338164072473434 
156 -0.04371937130195896 -0.04409148218779875 
157 -0.05298768364470514 -0.04789919057342325 
158 -0.05449204866793718 -0.051179249547559306 
159 -0.040718900313788914 -0.04529045929418624 
160 -0.034698761352821954 -0.04041945830325686 
161 -0.04960201783750728 -0.047133925222009224 
162 -0.04983640839224877 -0.04973179893244871 
163 -0.050915231594200965 -0.049290711103876624 
164 -0.050548699661154994 -0.04882091511739345 
165 -0.04500736118532996 -0.04541828212897503 
166 -0.060350614181974946 -0.05395635097282534 
167 -0.03854765672643349 -0.0417965724984909 
168 -0.04859097014383915 -0.04888671009194414 
169 -0.04114417032202222 -0.04200579296251384 
170 -0.0492431879183858 -0.04869910248160519 
171 -0.03676843148527795 -0.040297973232696224 
172 -0.04231715891003404 -0.04271901933270256 
173 -0.04010414659097066 -0.041405997400365935 
174 -0.04997144076824279 -0.04732930693039632 
175 -0.028330303994821473 -0.03547743844993446 
176 -0.04381729520894022 -0.04499330897538559 
177 -0.03450514689202944 -0.03841244810593526 
178 -0.045742847772569664 -0.0447177998125221 
179 -0.05126152996977517 -0.04680208998743831 
180 -0.040350628529365835 -0.041489780471864676 
181 -0.034034548244804265 -0.039920401778935466 
182 -0.04075398117652634 -0.0440937382485979 
183 -0.04632136105298351 -0.045987266873769625 
184 -0.04315585039828707 -0.043366295217075274 
185 -0.048416433362324304 -0.04661483922839176 
186 -0.03528812730562068 -0.040041274381734604 
187 -0.05243879317707351 -0.05024082318222238 
188 -0.03958975033700266 -0.040283233249971497 
189 -0.050742004826927915 -0.04724562102806779 
190 -0.0368899212040578 -0.039653881830370365 
191 -0.048732280561111695 -0.04838359009832379 
192 -0.05134658627524342 -0.04981540267509962 
193 -0.04460767766707955 -0.04567090237588624 
194 -0.04324699489278957 -0.04311868402990491 
195 -0.055763724448761286 -0.050476075821548026 
196 -0.03482504977704876 -0.03801663844279446 
197 -0.04799020130080474 -0.04716705125573143 
198 -0.038413322334620324 -0.04249911268407243 
199 -0.048282198982611664 -0.04748563378670923 
200 -0.038298102660562106 -0.04198631691071776 
201 -0.04603258527724557 -0.04662953036719711 
202 -0.03577858290430818 -0.041352277654693737 
203 -0.04262633098119198 -0.04336711537100276 
204 -0.04945695386244988 -0.046536744744266056 
205 -0.03879555167066541 -0.04464933674201078 
206 -0.03679220577945895 -0.039855935861733215 
207 -0.03365434473396575 -0.03927987284565325 
208 -0.038805982937555425 -0.041898780943982944 
209 -0.043915255035323564 -0.04535348515032876 
210 -0.05293493238407825 -0.05050070226812061 
211 -0.035866592643805754 -0.04001292003281982 
212 -0.039652468830369214 -0.04175617678714939 
213 -0.046900309569419145 -0.04552571863187962 
214 -0.046582589374835115 -0.0467468207505283 
215 -0.0580973501158513 -0.052416316238000034 
216 -0.035498982348384014 -0.0392812261413899 
217 -0.04101562395617493 -0.04247359157627553 
218 -0.03765222872604163 -0.039828731570327854 
219 -0.048983839284963325 -0.047982886348528334 
220 -0.04210786510359784 -0.04497375016652201 
221 -0.042017851071923545 -0.04272755449070083 
222 -0.036883272218080715 -0.03945320413097985 
223 -0.048374329226090515 -0.045855934697531395 
224 -0.04711503983338942 -0.046024574160509535 
225 -0.03943415234352349 -0.041258606374838636 
226 -0.03511378106360573 -0.039356590466593615 
227 -0.05065807554461174 -0.04856953863413758 
228 -0.03526039726946593 -0.038984710341139 
229 -0.03954292366717045 -0.04341569516600617 
230 -0.04100324768849459 -0.04297198118056508 
231 -0.03719556096876366 -0.03913931499917413 
232 -0.030256430393909482 -0.037062094897140574 
233 -0.04293697230082023 -0.043551341572160604 
234 -0.043618143983801816 -0.04630229127088355 
235 -0.02986542805833719 -0.03694802879532118 
236 -0.034327762722527536 -0.039615958157753574 
237 -0.05032161993958809 -0.04937210332181201 
238 -0.032007336835089106 -0.037389058802898646 
239 -0.05017360068946054 -0.04717462203113488 
240 -0.0423226172783773 -0.042752617418906826 
241 -0.04066818793211138 -0.04169755268944308 
242 -0.03682964406040163 -0.040796142222901205 
243 -0.04738799010748114 -0.04684637269082429 
244 -0.051684518651874456 -0.05006272971169328 
245 -0.028767831009963038 -0.03558314362439166 
246 -0.05772663841238316 -0.0530168989938133 
247 -0.03798669243655499 -0.041497222447252215 
248 -0.04385605478047723 -0.04435683555427297 
249 -0.039796873303767875 -0.04426787673752855 
250 -0.03135346132638472 -0.03698964385528649 
251 -0.026866988466939905 -0.03586621515794242 
252 -0.03462039009921794 -0.04083692782052833 
253 -0.036016569240373435 -0.03978033013615541 
254 -0.04449747057723196 -0.045868339315311396 
255 -0.04605550322992615 -0.04713128130909423 
256 -0.04282525235820969 -0.04451331919113581 
257 -0.0519755617483113 -0.04954412531125718 
258 -0.04249294219463081 -0.0451258188297282 
259 -0.049827426606033245 -0.048775906840137565 
260 -0.061008947521159096 -0.05345416054985655 
261 -0.047206413483608094 -0.04670213585090311 
262 -0.04310933916985377 -0.04335740799057685 
263 -0.03603311357707662 -0.03957970549746519 
264 -0.05104738936966088 -0.048333432894124326 
265 -0.026174672305203706 -0.03523058452724644 
266 -0.05118876115173128 -0.046661182093293396 
267 -0.03929309709276964 -0.043079448038901555 
268 -0.04129573005412383 -0.04276556653823018 
269 -0.04364585645596221 -0.04584038472340666 
270 -0.05025771116087497 -0.04791443673849475 
271 -0.04241779091890192 -0.04576667742655478 
272 -0.0504545347001721 -0.04648264773989437 
273 -0.053568119567225576 -0.05083330755960952 
274 -0.033519358441918556 -0.03804578856023815 
275 -0.0429406982018925 -0.04333769341201425 
276 -0.038399840340494755 -0.03940986653121526 
277 -0.043307332669677304 -0.04320260670617986 
278 -0.05812358238570878 -0.05348900219115126 
279 -0.04081581027943951 -0.04279575962179559 
280 -0.04892756535390219 -0.04669761606598716 
281 -0.04702224470976996 -0.047979808074692265 
282 -0.035483471177364896 -0.03984403891160959 
283 -0.042547159353470344 -0.04528414949373755 
284 -0.04822420037592499 -0.0451724895399837 
285 -0.04617063016451027 -0.047513622542446586 
286 -0.0463483628467434 -0.046380047788773526 
287 -0.05177049835806437 -0.04907443480410498 
288 -0.048289389313538565 -0.04638390779101337 
289 -0.05460946743714266 -0.05184488050095287 
290 -0.05120231170337828 -0.049273452839576966 
291 -0.0333319930464567 -0.03905705824212558 
292 -0.0444857721625289 -0.044784778554974945 
293 -0.05225286899121966 -0.05044953161376078 
294 -0.05046991362029193 -0.04681894119274346 
295 -0.03432824472556837 -0.039637990196761744 
296 -0.04556245048849571 -0.04483264558220027 
297 -0.050711186250046954 -0.04902065891230772 
298 -0.052940939412580726 -0.050269082178516625 
299 -0.053695485002524065 -0.05047947486710933 
300 -0.05578069198911846 -0.05168387552673223 
301 -0.04406195735794635 -0.04357301022755424 
302 -0.04298422178797472 -0.04429413753737389 
303 -0.03341311473363636 -0.03835007637870252 
304 -0.03524245315011553 -0.03881113487311131 
305 -0.049784635622497284 -0.04670270056471586 
306 -0.04107016876900838 -0.042762459621180374 
307 -0.0463333991819694 -0.04568127700123076 
308 -0.04688224412092812 -0.04497376202167325 
309 -0.05613078596950025 -0.05059850138297306 
310 -0.041099213647403404 -0.0432510184275716 
311 -0.0387843415535282 -0.04328523215494098 
312 -0.05350782296068563 -0.05102044598593447 
313 -0.03530400983607158 -0.03889359981904917 
314 -0.04262876543511648 -0.04386759251911578 
315 -0.03276196062993542 -0.03971268962822598 
316 -0.04180891438916144 -0.042039797159742896 
317 -0.04329427461218646 -0.04401861425088832 
318 -0.030776615468602858 -0.036886378486471284 
319 -0.031682356333409344 -0.03965796683317386 
320 -0.03990998765670012 -0.04309035876623252 
321 -0.045033560493900136 -0.046032911299063284 
322 -0.047066482437939025 -0.04635763809778464 
323 -0.04116156082775877 -0.04348988460378096 
324 -0.0558332860332819 -0.05107678653551602 
325 -0.04579696413421264 -0.04565040291766062 
326 -0.026785411536663268 -0.035262703934032864 
327 -0.055981058847841644 -0.0519583271034303 
328 -0.04325368178880176 -0.0445339273555204 
329 -0.05190052547871753 -0.04868482124715307 
330 -0.05417934043553358 -0.05027497745350508 
331 -0.052244522635623944 -0.05072620274999239 
332 -0.03449620157129847 -0.03833677065179713 
333 -0.032409298122287274 -0.036920599513580336 
334 -0.05851429953450502 -0.05221029497049749 
335 -0.046379413121201515 -0.04604447215592297 
336 -0.05274917154701859 -0.05019533861305084 
337 -0.04690035620489966 -0.04620408921500005 
338 -0.03889637863833018 -0.04113805572082012 
339 -0.04798218886588931 -0.0459500527515474 
340 -0.03981530148422517 -0.04210975040550109 
341 -0.055462914634473025 -0.05218757995588285 
342 -0.046904325334846335 -0.04690390023126375 
343 -0.036871282412794484 -0.03909542184497752 
344 -0.03324759090916745 -0.0388339928809693 
345 -0.05154788587725852 -0.0483096128661905 
346 -0.044128279953568286 -0.04615767116354628 
347 -0.0448793618617892 -0.047042619381728844 
348 -0.04860223612499278 -0.046504916178169535 
349 -0.04203524126629645 -0.042489519957603174 
350 -0.04453663513523268 -0.04564109587939906 
351 -0.04506754643523473 -0.045980654566070416 
352 -0.05733470845381855 -0.05176890990251624 
353 -0.04462781273919261 -0.04475868479737869 
354 -0.05987472404994829 -0.05344027038389972 
355 -0.04148837428964474 -0.04081637273213396 
356 -0.04041678150803053 -0.04433812579471516 
357 -0.047387313818620484 -0.048130827436283184 
358 -0.042093419371177006 -0.0417994082254309 
359 -0.05265549413650499 -0.04746854630178234 
360 -0.043656938043179126 -0.04343893675603451 
361 -0.04049994656964753 -0.042736244638194254 
362 -0.0419728179412545 -0.04321218490143771 
363 -0.04392114881224377 -0.043575710191628834 
364 -0.03398516312028218 -0.038497298258052974 
365 -0.04407111739425683 -0.04303573831133605 
366 -0.05104549954073974 -0.0495699082743565 
367 -0.029496260551757966 -0.035912198689092796 
368 -0.04564531893832872 -0.045864106622213144 
369 -0.0537432259126265 -0.05007423506264294 
370 -0.029557558809533542 -0.03675968928021798 
371 -0.04519390438305689 -0.0446990132513476 
372 -0.03507251402819298 -0.039978951551553385 
373 -0.04363338311576019 -0.04445761389584668 
374 -0.03703506169695474 -0.039935361267479916 
375 -0.04906859007878626 -0.04833055297128518 
376 -0.04445480504016016 -0.04403445570016296 
377 -0.03635312057040428 -0.04044506505264528 
378 -0.03022583352701465 -0.03776646868250146 
379 -0.042944609873704055 -0.044312378617540296 
380 -0.046497349027619726 -0.04609573292032075 
381 -0.037023222634368906 -0.04043567473368565 
382 -0.05232469438591879 -0.04751980472056433 
383 -0.03779160510166004 -0.040404894980634466 
384 -0.04542860787263741 -0.044076348632438436 
385 -0.05686607833048375 -0.05239051196626246 
386 -0.03612206827487423 -0.03880528366462025 
387 -0.03853569049548169 -0.04062016480523124 
388 -0.04912077761074154 -0.04812630019785112 
389 -0.046846455938200464 -0.04603129738564904 
390 -0.037327509554211935 -0.04232520099607501 
391 -0.054531488204148736 -0.049382379773232676 
392 -0.039069878581387586 -0.041524148565509275 
393 -0.03989611193594197 -0.04139684480607982 
394 -0.03226200940446943 -0.03922260015917558 
395 -0.05372817245226138 -0.050881838170441306 
396 -0.0439456736237529 -0.043807649975970205 
397 -0.04936136288451873 -0.04646614193001037 
398 -0.041933959823500004 -0.043019510083986114 
399 -0.04041328056318814 -0.04191461043755935 
400 -0.03751988035290523 -0.04035487023126042 
401 -0.038610287452889275 -0.04414539403242297 
402 -0.04091800823708906 -0.04181333137869891 
403 -0.04679882479060091 -0.047091611151584806 
404 -0.03947938543965356 -0.041625288570900906 
405 -0.04110336380588895 -0.0425925150828278 
406 -0.0392794800195639 -0.043182274356272254 
407 -0.04585541478063738 -0.04464699879398485 
408 -0.033361807329521806 -0.038797311142829534 
409 -0.04395177840899129 -0.04384145644116729 
410 -0.03675909839402078 -0.041234334042516974 
411 -0.049134425250370505 -0.04558057399299722 
412 -0.03904879967183895 -0.04195331639871733 
413 -0.045320070962479 -0.0471188543622255 
414 -0.04526883469165445 -0.04326820286414404 
415 -0.04150833003101855 -0.04371754405773443 
416 -0.061298494839441754 -0.05553192040540794 
417 -0.03516494919266862 -0.0395175318392263 
418 -0.04224990659808623 -0.043848110501915435 
419 -0.05389273743598016 -0.05046736909381699 
420 -0.044377025359864763 -0.04397817984477152 
421 -0.04534798971195331 -0.044663124211639496 
422 -0.04013728254717717 -0.040708334231560415 
423 -0.026587896153866294 -0.03579506343651916 
424 -0.043952017960149276 -0.043464413274046314 
425 -0.04769002022539597 -0.0479788672524373 
426 -0.04484485813827494 -0.04545367085781021 
427 -0.05454571514918026 -0.04991873360737731 
428 -0.0409714396986667 -0.04156414871130848 
429 -0.043552604314520786 -0.04364014972257713 
430 -0.028056918641218523 -0.035402459494294464 
431 -0.037659779735812186 -0.04032548459782356 
432 -0.04780082481496266 -0.044918557589389875 
433 -0.05267821510609144 -0.049758358686072195 
434 -0.04738179399860273 -0.0443742634579173 
435 -0.05158242594661179 -0.04910405515277411 
436 -0.06015221666735853 -0.054690578173315595 
437 -0.04071219246951209 -0.04258363469094489 
438 -0.02711376808061918 -0.035656962434719254 
439 -0.05757064055302969 -0.051765121800049475 
440 -0.048146369290131004 -0.04617731873447258 
441 -0.04058162933272178 -0.04393410870399473 
442 -0.03993749388421909 -0.04211733731553647 
443 -0.06428870264709151 -0.056038478598627546 
444 -0.05112013475914162 -0.04862064599857142 
445 -0.03229029003152728 -0.03837498871253403 
446 -0.02912886188271014 -0.03635351196795756 
447 -0.04366177558472705 -0.0441410231427769 
448 -0.04383113435856572 -0.04457034153346292 
449 -0.032720573235235556 -0.038057394495303175 
450 -0.047886039153953695 -0.04656597128652388 
451 -0.041672810152877666 -0.042615980996729086 
452 -0.03933272390420273 -0.041590330461838985 
453 -0.04758652002640152 -0.04771591819716016 
454 -0.043547172091067565 -0.046665756128454465 
455 -0.03560945731930178 -0.03950342009572373 
456 -0.05960934535971679 -0.05179584009667394 
457 -0.03930673591935308 -0.04124261884062286 
458 -0.04440783606847743 -0.04447667527888105 
459 -0.06038996447371032 -0.05473078118565613 
460 -0.05003879014314405 -0.0483439863542545 
461 -0.05669049484609884 -0.052942036706916475 
462 -0.06446576144228842 -0.056965471995420944 
463 -0.049940689071990736 -0.047678737421263225 
464 -0.03398788587536282 -0.03831021707719693 
465 -0.03645777841595571 -0.04084826293083893 
466 -0.04664477641955663 -0.0476056555326267 
467 -0.040189326376126974 -0.041928160532303624 
468 -0.04834666996581067 -0.04718968187368048 
469 -0.06534095095658181 -0.05584079635011498 
470 -0.04011251606356654 -0.04133354151849174 
471 -0.05002456463370537 -0.04649575861656024 
472 -0.04960806065933499 -0.046769816784014595 
473 -0.047094485360206974 -0.047087517996200375 
474 -0.04676920940074918 -0.044745128060026666 
475 -0.04977443192787801 -0.048953306493958605 
476 -0.03471552629009253 -0.03865193953922167 
477 -0.03516572402649996 -0.04005993609407591 
478 -0.04174582370267424 -0.04357392524261637 
479 -0.040148775480472174 -0.04188893201083284 
480 -0.0484846985402816 -0.04561652635143077 
481 -0.04387502239311779 -0.045060988963030985 
482 -0.04935303408296283 -0.04671574690823489 
483 -0.04582982880033739 -0.04455655615506785 
484 -0.03317456105796385 -0.03997984951845215 
485 -0.053206733153825646 -0.049345627415299645 
486 -0.02850599481354928 -0.03506343556516346 
487 -0.04511528314814449 -0.04492043791009862 
488 -0.04779103040843637 -0.044817438946382654 
489 -0.05098817854893997 -0.04740025704848326 
490 -0.043420266850013364 -0.04623457393343303 
491 -0.04965458218467135 -0.0487382165073391 
492 -0.052517940306640164 -0.048052211572122284 
493 -0.03359751816270482 -0.03973150771324529 
494 -0.05437599567763391 -0.04973073351365317 
495 -0.03590953179083626 -0.04007952756309141 
496 -0.03647829992716575 -0.04006287779433009 
497 -0.038799798375409825 -0.03990769185375724 
498 -0.03526612680572809 -0.039427119164200206 
499 -0.04268884896921362 -0.041908873562331805 
