1000 8
999 -0.020777678 -0.6042876 -0.34760186 0.8748801 0.62841016 0.5960369 -0.10000794 -0.52461594
1000 0.45062926 0.5487791 -0.3423664 -0.025192864 0.497491 -0.030224584 -1.1205257 -0.6236237
998 -0.21609718 0.97976613 -0.2991778 -0.25670135 -0.32016546 0.93550974 -0.12672254 -0.7077304
996 -0.18565515 -0.5884088 -0.239366 0.93660134 0.5562597 0.6262017 -0.17094602 -0.55671734
997 0.46180052 -0.04116391 0.042312603 0.309906 -0.8293292 0.69283664 -0.7578503 -0.8235844
994 0.29986405 0.17679603 0.43908077 0.13252681 0.8047578 1.1079359 0.08798347 -0.19940221
995 -0.30449325 0.79584825 -0.3617922 0.21365191 0.5296581 0.72609633 -1.1439226 0.13007481
991 0.62669677 0.9149804 -0.34233233 0.24145521 0.44149497 -0.1557038 -0.7244703 -0.66175437
993 -0.081070505 0.5130853 -0.8422381 1.1175193 0.003143885 0.26737306 -0.35675928 -0.4116822
990 -0.37455517 0.6865827 -0.38296708 0.010945247 0.1407597 0.13412172 0.08721951 -1.580486
989 -0.17167835 0.14512989 -0.90965223 0.8907718 0.30762854 0.55590856 -0.6156865 -0.08493551
992 0.21603997 0.4923958 0.9950179 0.05185934 0.9233059 0.8738476 0.13669313 -0.7347512
986 -0.5836381 0.6930291 0.016807612 0.5739116 0.7265699 0.9038808 -1.0591867 0.23635185
983 0.32492128 -0.1103204 0.2461866 0.73323685 -0.863025 0.535663 -0.7980769 -1.0042118
988 -0.2986003 0.76978725 -0.3434876 0.25724053 0.7827588 0.97472477 -0.7828511 0.3287898
985 -0.12542853 0.39773446 -0.9296477 0.881564 0.1771496 0.32453933 -0.45152977 -0.33310166
987 0.31545702 -0.190574 -0.060803592 0.26755488 -0.70511174 0.63353825 -0.6564988 -0.92863834
976 0.35765603 1.0529602 -0.30605274 -0.2457402 -0.590964 1.1380368 0.09882088 -0.7158565
984 -0.3305803 0.6265749 0.254455 0.56601536 0.3726038 1.1615809 -1.2675928 0.38894174
980 -0.01917302 0.84963846 -0.3673957 -0.24610645 -0.47472057 1.1959163 -0.02671325 -0.5156555
982 -0.4606322 0.5611156 -0.3273546 0.07493453 0.1161853 0.30860627 -0.037751257 -1.1767299
979 0.47838485 0.26522496 -1.034889 1.1586708 -0.006703121 0.6169876 -0.39499205 0.00635397
973 0.54828244 0.7181112 -0.30395246 0.23668654 0.6771388 -0.19383092 -1.1535047 -0.6022363
981 -0.71042967 0.825049 -0.2146081 -0.10590309 0.4526614 0.48104957 0.2829894 -1.439063
974 0.24417357 0.12113174 0.5111014 -0.10611264 0.9508664 0.96343935 -0.1502384 -0.37510312
971 0.6007174 0.2802122 -0.49939826 0.12072017 0.21684521 -0.24372819 -1.1860602 -1.0458366
977 0.48472002 0.5449305 -0.08122697 0.47192195 0.69461715 -0.17475823 -0.82770956 -0.6340017
945 0.6787946 0.9041464 0.20781055 1.8530245 0.3270318 0.84227866 0.82198155 -0.5711445
963 0.20643954 0.77262 -0.5110723 -0.31487548 -0.6463844 1.0685046 0.031801783 -0.7908698
960 0.18092756 -0.4931879 -1.2320086 0.4721253 0.42709807 1.6817223 0.5211742 -0.21056324
969 1.4733733 0.43275872 -1.191141 -0.33991417 0.19038346 0.57410616 -0.10168864 -0.70511585
958 0.8485231 -0.5169288 -0.2411852 -0.9861938 0.4528564 1.006364 -0.3582387 -1.2778312
966 0.5770429 0.5699643 -0.43676475 -0.043869548 0.8517226 -0.13283926 -1.0543749 -0.6562632
956 0.47487295 0.22621895 0.58883244 0.058324084 0.81979984 0.9652746 0.1440477 -0.45815715
951 0.45137674 0.52665603 0.19836627 -0.08627761 0.79860884 1.1852953 0.38549134 -0.29226476
970 -0.33725965 -0.6489717 0.01652116 1.2410105 0.56586736 0.42935 -0.3739686 -0.76132995
975 -0.17654122 -0.5431016 -0.06929009 0.6539009 0.48704207 0.5602539 0.022565285 -0.91635454
964 -0.00020073535 0.20798197 0.73229444 -0.092916496 0.73070645 0.9090707 -0.09690374 -0.6507244
972 0.3749731 0.31657645 0.024718314 0.46359727 -0.8751042 0.65956104 -1.0849228 -0.59381956
968 0.0747081 0.49117863 -1.0547363 1.2130567 -0.097350456 0.7291958 -0.521266 0.10099961
947 -1.2455794 -0.43065554 -0.48671162 0.5817872 -0.43537107 1.2964946 -0.41537547 -1.0898488
957 0.43228453 -0.11735504 -1.1196809 0.59330744 0.06435303 1.336513 0.7174926 -0.40595216
962 -0.17155986 0.23017538 -0.9686532 1.4002594 0.028017057 0.43088007 -0.4941616 -0.26095396
948 0.20442277 0.23284838 0.5659466 0.087769374 0.8571293 1.1008824 0.22639537 -0.4073994
946 -0.14748819 1.2905726 -0.46865025 -0.109178685 -0.16895664 1.0812079 -0.023919668 -0.34972757
952 0.037553675 0.49095377 -0.39971247 -0.21743152 0.47096097 0.09624038 -0.92212754 -0.77578497
967 -0.24599034 -0.3975073 -0.2605331 0.76763 0.51931685 0.39997852 0.33359033 -1.2128917
944 0.8252706 0.5888626 0.8119371 -0.3583731 0.890606 0.74959296 -0.42070544 -0.5416143
949 0.29420137 0.14403108 0.533968 -0.42231068 0.822356 1.0974877 -0.0016651497 -0.5927629
953 -0.555697 -0.779319 -0.029782725 0.8617152 0.50073844 0.6264175 -0.146926 -1.0358987
928 0.7653426 0.5072012 -0.0565353 -0.24309824 1.2019006 1.101054 0.1771429 -0.114330895
920 0.0653218 0.5647302 0.63075954 -0.52719927 0.89870965 1.1432786 -0.06443294 -0.62627614
941 -0.022550933 0.07211107 0.18710487 0.83732945 -0.89193857 0.7512737 -0.6985618 -0.809849
942 0.49332204 -0.042187754 0.29383844 0.7099821 -0.5882165 0.5570317 -0.836207 -0.67057055
950 0.5828302 0.052380677 0.42947704 0.42759398 -0.504693 0.5902443 -1.2082578 -0.58209187
938 1.5909374 0.13676667 0.32228214 0.644104 -0.38486013 0.74333614 -0.07314127 -0.7845739
934 0.5151605 -0.6705537 -0.2620042 -0.68375343 0.2533059 0.83201003 -0.20777398 -1.4973036
939 -0.10752996 0.9894698 -0.5795941 -0.48304468 -0.27745008 1.1234272 -0.31539455 -0.49144024
933 0.37953198 0.51432717 -0.15779372 0.48834845 1.0977963 -0.3788457 -0.7858393 -0.9492064
943 1.2348833 0.77491957 -0.95046234 -0.10014835 0.5159852 0.6247143 0.05826512 -0.3267286
955 -0.3937472 -0.36830413 -0.17157882 0.8430891 0.43054312 0.35038403 -0.33401087 -0.81837666
926 0.5665767 0.44517252 0.3056793 -0.18718232 0.9553726 1.1318524 0.4076307 -0.40717137
936 1.1722893 0.4383255 -1.3800611 0.076230876 1.0630107 0.4761944 0.2636197 -0.55600864
930 0.33518144 0.8518934 -0.1627541 -0.42286915 -0.45091632 1.1757308 0.030004663 -0.6805603
912 0.63998175 -0.22096366 -0.10659214 -1.1701664 -0.28310883 1.1735711 -0.64090127 -1.5038148
935 -0.7816664 -0.47419333 0.08643748 0.902679 0.8632207 0.71941894 -0.22506906 -0.7437993
937 -1.1162477 -0.38657916 -0.18265517 0.22082688 -0.3313807 1.9720553 0.06282313 -0.9674925
918 0.5769111 0.10641626 0.23493972 0.6118854 -0.30290306 0.5649845 -0.81092495 -0.3998911
940 0.107008316 -0.023355354 0.19369817 0.56485873 -0.75277287 0.9707477 -1.0585026 -0.4094544
900 0.28834957 1.5717683 -0.041744467 1.201905 0.0018112832 0.78325605 0.93249667 -1.0222032
913 0.45115146 -0.671397 0.14076367 -0.6077725 0.57229304 0.6729125 -0.8087387 -1.2260859
932 -0.23614165 0.416999 -2.0145547 0.18355164 0.83725524 1.1195955 -0.6467848 0.018084446
978 0.110363215 0.37424967 -0.21102177 -0.036545243 -0.19899411 0.22730274 0.060684014 -1.5504304
916 -0.22769451 1.0544697 -0.42326882 -0.19202904 -0.44834033 1.0677949 -0.39607468 -0.50089765
896 1.9668256 -0.1774127 0.26228756 0.3625624 -0.19607006 0.649455 -0.042778134 -1.3328785
888 0.71427435 1.2868462 -0.014955278 0.9876624 0.3037187 0.18375573 0.49286988 -1.0097378
922 0.47864333 -0.5545649 -1.1835302 0.6909642 -0.16610378 1.3943568 0.57390106 -0.6015512
915 0.08848616 -0.30472788 0.52546406 0.091884986 1.1165462 1.2715367 0.3747994 -0.62992954
965 0.024223678 0.64453155 0.18781692 0.2492829 0.012034442 0.023682961 -0.5344055 -1.1656872
894 -0.3378731 1.0208852 1.3202244 1.1328849 0.3819803 0.028239192 -1.1393961 -1.3778579
903 -0.59754527 1.1737468 0.2747561 1.649027 0.16315284 0.8464145 0.6406012 -1.0355088
925 -0.23899461 0.8010986 -0.827586 -0.18399829 -0.57072324 1.0677831 -0.01977463 -0.79208803
959 0.00040721885 0.5993724 -0.49132815 0.13392328 0.6503239 1.216794 -0.5280919 0.42020532
899 -0.1634515 0.15773594 0.6564697 0.44203547 0.978603 1.0404909 0.009730462 -0.32388875
919 -0.6650834 -0.4064208 -0.16082741 0.6653364 0.8309201 0.4648513 -0.1533775 -0.9620747
931 -0.20918359 -0.4747979 -0.31760436 0.49769482 1.0435364 0.1925492 -0.008144131 -1.2143779
961 -0.83827317 0.48863414 0.12776923 -0.04472997 -0.0936641 0.3719562 -0.5134461 -1.5443425
929 -0.204291 0.41289988 -1.0013204 0.7858071 0.13064937 0.051938932 -0.6852805 -0.64313394
921 -0.31484643 -0.00096205715 0.4250924 0.5317715 -0.36875543 0.81471795 -1.1071286 -0.5324198
873 -1.074567 -0.20091872 -0.47701615 -0.31723255 0.3258872 1.0367733 -1.3848494 -0.70873666
906 0.672554 0.44687137 -0.01471009 0.82478684 0.6234193 -0.25123084 -1.3313946 -0.54297864
927 0.28306156 0.14951336 0.063244306 0.28117728 -0.7792077 0.8045597 -0.8368112 -0.6489665
923 0.31114203 0.13418126 0.2111902 0.3920928 -0.7639552 0.99991447 -0.8131057 -0.39221463
907 0.532425 0.22820812 0.39607346 -0.40133676 0.95980185 0.8883086 0.13651243 -0.71855915
904 0.25151613 1.1756155 0.41347963 1.3289497 0.061012704 0.67918015 0.6448102 -0.9195496
902 -0.004632397 0.536154 -0.3850659 -0.6977445 -0.41954267 1.4226819 -0.5595345 -0.44709662
886 0.5778862 -0.8853468 -0.1461708 -0.8010757 0.7836818 0.49808043 -1.2063748 -1.6537964
901 0.4534203 -0.043267813 0.70693725 0.07514646 -0.22595794 1.0082659 -1.1933237 -0.4136591
897 0.6927845 0.07399124 0.5970416 0.03311399 1.3135331 0.9088318 0.14083442 -0.51299506
914 -0.18668973 0.9224449 -0.27753672 -0.5934225 0.03697436 1.0861506 -0.22165291 -0.5793947
874 0.4199961 0.4401586 -2.386728 0.27758983 0.7136032 1.2208414 -1.0919068 0.17117345
895 0.4971086 -0.18010004 -0.90541965 -0.05345449 -0.089043066 1.389743 0.577855 -0.67446077
954 0.175146 0.5166987 0.3023177 0.89000285 0.75971913 0.52422667 -0.4156216 0.027683668
856 0.66904426 0.19261633 0.17438793 1.7799433 -0.0754003 -0.16556607 0.1183544 -2.1990795
887 0.6844406 -0.10866791 -0.9732273 1.292827 -0.25664276 0.096441515 -0.975001 -0.5859132
865 -0.22369397 1.3739389 1.0333347 0.36259162 0.67303634 0.022793198 -1.216116 -1.3254733
917 0.042735223 0.3146344 -0.8886381 0.8892305 0.029634377 0.21323988 -0.7438586 -0.40332606
905 0.04840451 0.406825 0.56993806 0.46285757 -0.7226202 1.0100482 -0.83534306 -0.5112268
909 -1.6484299 0.9821471 -0.61202955 1.1839473 0.91961783 1.3428468 0.04728058 -0.37918168
883 0.9111644 -0.0051990617 0.9783776 0.44214645 0.9258555 0.75580007 -0.32497287 -0.46502814
924 -1.284054 -0.025345692 0.029788483 0.45707607 -0.13666628 1.5457542 -0.26685527 -0.77933973
911 0.4885325 -0.17209788 -0.8765969 0.57253176 0.16618665 1.1436225 0.39971873 -0.25178745
861 0.8387805 1.4242337 -0.8518071 0.9115023 0.22100413 0.64126766 0.64362633 -0.35773546
863 0.5036368 0.91952145 -0.4710156 1.3863432 0.5227985 0.17068206 0.9841546 -1.4550617
858 0.13981217 1.5279896 0.2639946 1.6761932 0.42463216 0.29212376 0.2563843 -0.8339634
855 0.35214564 0.32914692 1.3374608 0.14009035 -0.50578815 2.146516 -0.22123593 -0.62695396
884 0.48169363 0.9328939 0.35775438 0.19254087 0.76429343 1.0002651 0.35753223 -0.27749518
879 -0.18398422 -0.89706975 -0.27720967 0.8838615 0.2488281 0.39817485 0.04471073 -1.5083445
862 -0.44072375 0.14027238 1.450085 0.5227564 -0.31712615 2.4867764 0.08018054 -0.785904
885 0.46798018 -0.22869782 -0.36596596 -1.0373244 0.17612751 0.9206931 -0.685394 -1.1556767
893 0.4556355 -0.41384742 -0.26151454 0.71308637 -0.5181936 0.78647125 -0.9758493 -0.34802595
898 -0.7630625 -0.24703814 0.06247079 0.6191772 0.98694813 0.35550615 -0.22630285 -1.0907905
892 0.11090685 0.48917803 -1.3016217 0.9567659 -0.2925491 0.13796054 -0.37569547 -0.79323536
878 0.9156264 -0.32573035 -0.114196435 -0.61443484 -0.30290484 1.7715461 -1.7207289 -0.21116228
854 0.23088813 0.7661193 -0.18328677 0.57919836 0.7888218 -0.37035763 -0.47610337 -1.0772576
871 -0.12389976 0.88553727 -0.4912607 -0.5113197 -0.015980335 1.5638095 0.10025773 -0.3430409
876 1.5548108 -0.36860898 0.024846477 0.9845373 -0.43074346 0.8639532 0.060616437 -0.7996429
880 -1.6966903 1.2821512 -0.7883464 0.9615579 0.55552 1.2840743 0.22895755 -0.7718564
864 -0.49958912 -0.6506843 0.23195358 0.37174585 1.0703788 0.5593117 -0.53954977 -0.8733085
867 0.6989571 -1.0705262 -0.40017197 0.18857229 0.18434565 1.8158107 -1.643443 0.16484226
877 1.739018 1.1576861 -0.7805787 -0.2601178 0.9044262 0.59098345 -0.04405187 -0.40313968
866 0.13671724 -0.129273 0.59020114 0.15846352 1.0034604 1.5267372 -0.13481624 0.008033932
889 -0.8515672 -0.5620589 -0.7509134 0.8454718 0.7032344 0.55055106 -0.50938 -0.77682763
875 -0.1135029 0.7367117 -0.30712986 -0.28615895 -0.80421585 1.2183256 -0.21535344 -0.83796
818 0.33303645 1.6706907 -0.6094693 0.8789978 -0.030718116 0.62836623 0.9436232 -1.1079315
870 0.55205953 0.25911808 0.019261174 0.35929084 0.548901 -0.29805443 -0.80701774 -1.0943383
872 0.16141678 1.31089 -0.67214334 0.122214936 -0.65855646 0.80125314 0.03153842 -0.8065063
857 0.18778352 0.30872613 0.42671978 0.35624832 1.0883081 1.0376613 0.14531144 -0.18314199
850 0.4559474 -0.63446146 -0.48324206 -0.7432287 -0.16722347 1.0003935 -0.5683627 -1.3320638
839 0.54894686 -0.8827964 -0.48690075 -0.7733523 -0.13268079 1.1621298 -0.8693593 -1.2345642
847 0.16052395 0.06425039 -0.0150610935 0.008703115 0.609707 0.06582487 -1.5300612 -0.72338104
853 0.5989482 -0.43966106 0.6322472 0.10718356 0.85034376 0.9698246 0.16007547 -0.8151016
908 -0.8171982 0.72451144 -0.03638832 -0.18520698 0.0071008946 0.5111477 -0.22149687 -1.4246256
882 -0.17589705 -0.5516517 -0.23460104 0.74648523 0.9569802 0.77962923 0.08670053 -0.51314545
868 0.038283747 -0.07068953 0.5771336 0.56174284 -0.82058465 1.1525682 -0.6919456 -0.705227
890 -0.3290821 0.58338714 0.13442594 0.9158314 0.667796 0.6941175 -0.54061055 0.06291896
869 0.028505005 0.05196739 0.062212996 -0.08409036 1.0467108 1.3717875 0.68967867 -0.5547678
829 0.05562714 -0.362439 -2.4395144 0.09662801 0.8092844 1.6712838 -0.74267983 -0.059609782
851 0.1797625 1.1337813 -0.5839033 -0.3818883 -0.5751237 1.118284 -0.6329535 -0.3679982
830 -0.028505063 1.19 -0.54489154 -0.22155431 -0.053577885 1.3631588 0.069155104 -0.20392232
849 -0.47206426 -0.26406315 -0.35341537 -0.26032668 1.2852885 1.0108453 0.7338073 -1.5852379
806 1.2259734 0.042438842 0.2661852 1.4753736 0.69202054 1.4358228 -0.63285404 0.67250973
793 0.32080948 1.2857008 0.86365527 1.5028349 -0.21973455 1.0746765 0.572406 -0.8524131
815 -0.038742375 0.5682272 1.5055277 -0.06395437 -0.7117697 2.7550476 -0.42199093 -0.81371033
831 0.10668888 0.05356349 -2.0027392 0.6183307 0.113046706 1.3944813 -1.2391045 0.24761946
910 -0.5241273 0.43864414 0.38066164 0.40557778 -0.10600648 1.380798 -0.8030142 0.029177325
891 -0.06748137 -0.6021311 -0.9236116 0.07664843 0.32437596 1.347414 -0.014143706 -0.33858263
881 -0.10966841 0.66142225 -0.1561506 0.21974665 -0.316135 0.38557944 0.33427727 -1.5433725
823 0.3945472 0.3937926 0.01726516 -0.170239 0.89167136 -0.2561715 -1.5076851 -1.1206123
827 0.72590154 -0.7645013 -0.5553579 -0.035662655 0.05995859 2.4144702 -1.2266741 0.4072683
848 0.4659035 0.7289917 0.5952888 0.4006553 1.0388253 1.0894133 0.30177197 -0.13771778
824 0.346621 0.7135512 0.034079313 0.34948704 0.4823737 -0.06420841 -1.2883102 -0.5796039
852 -0.45715392 -0.018459946 0.30224052 0.62418675 -0.6428632 0.8855718 -1.2673072 -0.65438294
859 1.4870431 0.66500723 -0.5821435 -0.27452242 1.2938894 0.85923123 0.24958993 -0.34475684
765 0.4380059 -0.8196359 0.09126303 -0.7226036 0.5307253 0.85728395 -0.7500596 -1.4030808
825 0.41317293 0.9862544 -1.44835 0.5994377 0.13577811 0.61639 -0.16602167 -0.1631782
860 -0.14724542 0.6101956 -0.9609564 1.3272395 -0.30295295 0.61964005 -0.89652306 -0.057154275
836 1.6598991 0.02054147 0.588296 0.8604833 -0.44065493 0.3553633 -0.21659137 -1.4232316
821 -0.36258417 0.9101049 -0.55501205 -0.37489027 -0.70690536 1.0011448 -0.57586235 -0.8696788
846 -0.39858478 -0.47664344 -0.63413763 -0.23739381 1.2328237 0.931427 0.25719452 -1.1335795
845 -0.7743577 0.085208245 -0.055813543 0.61054474 0.6365512 1.1330398 -1.1931348 0.15122558
832 0.53609896 0.5545206 -0.42359012 0.48266432 0.33740935 -0.42321968 -1.0683057 -1.10031
834 0.78953844 0.14037481 -0.1341157 0.35203212 0.6205175 -0.16882135 -0.6671602 -0.9084507
843 0.17105196 0.05001049 -0.853952 0.807637 -0.20709111 0.6801249 -0.19048949 -0.36159796
794 -0.42378864 0.1388222 -2.8162348 -0.5522292 0.7181129 0.7063188 -1.2459966 -1.4234767
790 0.10985544 0.7711172 -0.34055725 -0.7410122 -0.53521186 1.2895766 0.13336736 -1.1276919
841 0.6855672 0.77940303 -0.36778194 0.61510134 0.23608471 -0.3059019 -0.8944937 -0.8532732
782 0.8288844 -0.22070114 -0.1583643 -0.5072916 0.08569906 2.5390081 -1.1155837 0.3387495
838 0.33974501 0.5185266 -0.6697305 0.27208534 0.28643304 -0.010460823 -0.6639598 -0.650802
802 -0.20152594 0.99152493 -0.07888949 -0.56667453 -0.46114537 1.9466428 -0.26216215 -0.2988571
826 0.77006173 -0.20636009 -0.9797541 0.68818396 -0.66525036 1.3641846 0.20256543 -0.40973786
811 -0.56717116 -0.19791116 -0.5379343 0.64922875 0.42070404 0.56675315 -0.113123275 -0.74845165
750 1.2742894 0.03134915 0.16764076 2.2665975 0.5100754 1.0137454 -0.6065933 0.32529005
751 2.4054768 0.11506186 0.054492883 0.49547637 0.1498921 0.80973876 0.06457526 -0.83184403
787 1.4777167 -0.09202008 0.52217805 0.2907193 -0.19090068 0.6356165 0.34161147 -1.6811457
817 0.061225463 -0.23680067 0.16998398 0.7263837 -0.44855893 0.3756507 -1.026378 -0.9168126
778 0.77922755 -1.285713 -0.16359857 -0.33252895 0.3096251 0.72964454 -0.6626884 -1.6767253
800 0.6069128 0.92020196 0.4630418 0.081243604 0.9409716 1.2606263 0.627569 -0.41120985
741 1.0457139 0.65827763 0.120963864 1.0234133 0.17202188 0.41174993 1.0109495 -1.57293
744 0.35364816 -0.70956355 -1.3434749 -1.1837485 0.2416405 0.96667653 -1.1069838 -1.7916594
804 -0.13404179 0.06120896 -0.81441903 1.4698346 0.35030746 0.5123622 -0.6727869 -0.050050866
803 0.87027305 -0.16952586 0.17959194 -0.27351737 0.30656976 1.7213883 -1.8743529 0.2634269
798 0.34828967 -0.7461091 -0.19504431 0.80761904 -0.53671527 0.8899456 -0.4036893 -0.7754222
779 -0.32107678 1.0308319 0.9761161 1.680031 -0.38480037 1.4354897 0.40729785 -0.7559064
709 0.12465651 -0.76711345 -0.9942492 -0.5603691 0.2493306 0.58491033 -0.756142 -1.5598491
784 0.37786135 1.233545 0.3400087 1.7912221 0.76994836 0.8424249 1.0851148 -0.9059537
780 -0.13244244 0.37371165 0.34498662 1.7100557 -0.059748568 0.70188135 0.7286352 -1.3431687
785 0.4557532 0.38702106 -1.2678956 0.4948095 0.60724974 -0.4756756 -0.62697506 -1.2361215
761 1.1351066 -0.25841618 0.011008005 -0.6621839 0.4550559 0.89549816 0.5362171 -1.8266098
809 -0.33486956 1.1624757 -0.59304374 0.25776303 -0.2373117 1.409784 0.5370717 -0.43762487
822 -1.2394645 0.331458 -0.37857705 -0.27298215 -0.0875101 1.1336931 -0.30558693 -1.2195265
837 0.37933198 -0.04676291 -0.83318067 0.84611535 2.3210094 0.24435483 0.08897205 -0.80989414
833 0.78125453 -0.4688223 -0.40012825 0.24534306 2.1872644 0.0399335 0.27461296 -2.0484612
808 -0.5859351 -0.14231019 -0.36944902 0.39346072 0.41852474 0.47516027 0.11525613 -1.1839004
842 -0.9141276 0.2017212 -1.0377276 1.5634743 0.6762958 0.67262334 -0.5835123 -0.18935648
844 1.4519775 1.1019108 -1.009748 0.31370506 0.76101935 0.35557428 -0.030737577 -0.3003579
810 0.83242023 0.2977082 0.25341433 0.4603787 -0.99747026 0.72795904 -0.5188193 -0.9461783
813 0.8424926 -0.45444563 -0.10960243 0.03744181 -0.24608012 2.1769052 -1.906224 0.33314607
797 1.9356834 -0.16272642 0.2207635 0.98796636 -0.5806126 0.6747768 -0.33296594 -1.0528439
792 0.113980964 -1.1302228 0.07116213 0.6642311 0.37817362 0.6854642 -0.2802544 -1.1067694
816 0.7018906 0.9377793 -1.0089251 -0.43399176 0.27560547 0.4271291 -1.5474994 -0.2633744
820 0.39812154 0.7490393 0.13816625 0.1115391 -0.3150961 0.3157374 0.55086666 -2.0196383
753 -0.33912277 0.7698351 -0.61745125 -0.29336086 -0.18109623 1.1431932 -0.03913298 -0.6556201
840 -0.001835886 0.52977794 0.29354128 0.31132212 0.28909773 0.76747495 -1.2840761 0.045713853
795 0.23563957 1.2163683 -0.7883445 0.56105435 -0.9978528 0.63448316 0.0017306961 -0.9998597
781 0.0063120555 -0.080382705 -0.6056033 1.0224665 0.38145176 0.6630656 -0.15401156 -0.18623519
835 -1.0285525 -0.030299088 0.21924575 0.15369692 -0.14600912 1.0597575 -0.3484282 -1.1521004
736 0.8153274 -0.8852072 -0.7299477 -0.5760501 0.05364227 0.7808347 -1.2626493 -1.1157415
752 0.2340441 1.2250148 -0.7544023 -0.19037372 0.56971323 0.03392857 -0.99549824 -0.6193035
786 0.41521454 0.16990441 0.34274936 -0.45517766 0.7065683 1.2434905 0.5893989 -0.94700485
732 -0.15967673 -0.62323016 -0.63831794 -1.0653409 0.22423002 0.7865582 -1.2371082 -1.753305
734 0.5696463 0.8075871 -0.21878369 0.025813838 0.99518156 -0.20958535 -0.4874644 -0.97425747
768 -0.25309023 0.87900317 -1.1499634 1.5740801 0.23200843 0.23208302 0.16721636 -0.7229259
720 0.21757458 -0.88459456 -0.22987852 -0.3921169 0.50093466 0.46647727 -0.71048045 -1.5926584
789 0.70231915 -0.3498408 -0.8130594 1.1676254 0.48587272 0.51764107 -0.11050497 -0.24122767
783 1.1545476 1.6242188 0.21865413 1.3297628 -0.7789453 1.3708098 -0.43331552 0.15833661
739 -0.48155737 0.71268785 -0.48722985 -0.109239064 -0.25931737 0.91405827 0.0738387 -0.93744713
777 -1.0312359 1.3055221 -0.50144273 1.0623312 1.1171455 -0.22699918 -2.4379776 -1.128842
760 -0.07178411 0.6769147 -0.6912827 -0.107744955 -0.501813 1.0585574 0.14260966 -0.7754206
759 0.11230344 0.7458281 0.25692528 -0.21341893 0.85097176 1.5472053 0.37653914 -0.19757283
385 5.5319405 -2.2924554 -2.466041 1.769974 4.5213776 2.920232 -3.8463647 -1.2035457
450 5.513303 -2.278799 -2.4841123 1.7663636 4.459282 2.8971562 -3.7927153 -1.2126229
702 0.4772355 -0.91544753 0.38930765 -0.22828656 0.98797804 0.72017574 -0.370814 -1.3691744
805 -0.009000319 0.23270403 -1.3737124 0.5547813 0.4881343 0.18389815 -0.7741545 -0.47088197
796 -0.28796732 -0.11942758 1.6248031 -0.46967107 -0.059498683 2.8180983 -1.1079513 -0.80642724
724 0.46683615 1.390359 0.3104338 1.3318908 0.30762473 0.9726544 1.0641847 -0.87931544
819 0.35824516 -0.029339394 -0.6994146 0.83858085 2.3228142 -0.11106221 -0.1010882 -1.2130297
737 0.16380963 0.42241344 -1.9600924 -0.9605907 0.7336235 0.5157516 -1.6791818 -1.0834473
770 0.62040854 -0.29240873 0.7028476 -0.42096362 0.96855503 0.9563943 -0.3261611 -0.8324044
773 -0.32161573 0.008023651 0.66836405 1.6629096 0.65681684 0.39167255 -0.025173534 -0.8939153
814 0.33623502 0.5901655 -0.50233066 0.888012 2.0063438 0.013168943 0.5109075 -1.1764442
722 0.619689 1.4460944 -0.20107096 1.9568352 -0.022140551 0.13999894 0.5085294 -1.4030511
749 -0.31351766 -0.27937257 -0.051702194 0.24004638 -0.410216 0.6347751 -1.77491 -0.7899169
776 -0.0665426 -0.62086165 -0.6889533 1.4055855 0.37717512 0.26767352 -0.5229709 -0.72478175
746 0.09326716 0.58809936 -0.5779341 1.2374027 0.48757872 0.12888055 -0.9991198 -0.10161954
647 0.93653595 1.0599214 0.33149347 2.107084 0.56337595 0.2407345 0.8014454 -1.631357
828 -1.1530572 -0.09201384 -0.4273223 0.18114045 -0.123158015 1.2533525 -0.014009618 -1.1663158
762 0.2855307 0.85664755 1.2594185 0.103628226 1.080798 0.7651776 -0.25558984 -0.772025
791 0.076942004 -0.6254711 -1.7315106 0.28389937 0.3960858 0.8748114 -1.0421479 -0.36208668
256 5.4354715 -2.2500217 -2.4176402 1.7570924 4.4521523 2.87931 -3.8397095 -1.1642016
735 -0.7177831 1.666655 0.6790868 0.61092526 0.86081505 -0.2146341 -1.7137781 -1.5142196
740 -0.11154773 -1.2528445 -0.76704156 0.37771854 0.5909684 1.0491797 -0.06385381 -0.9032553
188 5.414907 -2.2734272 -2.4134688 1.8025659 4.4182 2.9100993 -3.761295 -1.164987
690 0.42505547 1.7594717 -0.28213522 1.049131 -0.15225834 1.0064088 1.0321424 -0.8929848
775 0.23886001 -0.24593887 -2.2841816 0.83341855 0.14893086 1.0095884 -1.3410865 -0.15261835
771 0.29337642 0.52992666 0.8127104 1.1326658 -1.0374888 1.0263194 -0.4697226 -0.81407064
745 0.054453615 1.0581825 -0.23010933 -0.5085336 0.10835835 1.4613563 0.1729719 -0.37587845
704 -0.75322545 -0.46833435 0.29249078 -0.6006249 0.17173766 2.2257457 -1.5243814 -0.35201767
801 0.14162949 0.5487802 -1.3908116 0.87315756 -0.30917922 1.0531983 -0.026990067 -0.1381043
742 0.2165238 -0.06895432 1.3474442 -0.57851636 -0.21944809 2.0667896 -0.2291925 -1.3218744
748 -0.033025183 -0.30942068 -1.2311581 -0.06489556 0.631754 1.0883262 0.30273247 -0.68242604
721 0.26312956 0.0067761154 0.11902189 0.6662691 -0.9262396 0.32851768 -1.3914543 -1.2625991
707 0.47170204 1.2519186 0.05816575 1.4187666 0.23901035 0.3826085 0.770576 -1.1733897
812 -1.1297863 -0.28081277 -0.14741284 -0.16512857 0.5107196 1.6361269 0.1989505 -1.0421236
728 -0.2573497 0.8127907 0.45017374 1.8952492 0.33925527 0.9331471 1.113046 -1.4730608
698 1.3787683 3.1934638 1.0995317 -1.1966714 0.31589368 1.8197452 -0.9867607 -1.5085528
774 2.0659077 -0.38951516 -0.106994346 0.6566732 0.13818456 0.82106096 0.22574674 -0.9249583
772 -0.3874261 0.33624837 0.06508905 -0.20898093 0.7448245 0.46209553 0.34154165 -1.5577631
731 -0.052911267 0.84921974 -0.25491497 -0.5989016 -0.18773234 1.4205965 0.108726524 -0.68215406
754 0.9482947 1.8606793 -0.31272045 1.4795102 -0.5456654 0.99473464 -1.1540824 0.34033573
788 -0.8361035 -0.5157962 -1.1798548 -0.33731034 1.0496647 1.699636 0.6002057 -1.1252074
763 0.1555103 -0.14903836 -1.0628368 0.2953983 0.1266377 0.2108518 -0.81318545 -0.6718086
691 0.94132805 0.7912009 -0.36245918 1.6655455 0.55253774 0.6111255 1.109117 -0.9877928
665 0.12727043 -1.3867126 -0.77465063 -0.40268776 0.45863622 1.0080156 -0.82256305 -1.4011941
666 0.7817721 1.543009 -0.11976502 0.28957337 0.28629205 0.9354795 0.85723066 -0.740133
695 -0.41052932 -0.22613004 -0.48519936 0.7860346 0.21196681 0.69106174 0.034424275 -0.67326915
767 0.0274225 0.7491743 0.36897805 0.47495323 0.9396933 0.848516 0.60847294 -0.57897305
757 -0.027274195 0.1450448 0.33168346 -0.072102495 0.89269155 1.1533482 0.414921 -0.69132656
755 -1.5893869 0.47784585 1.1142352 0.104334734 0.76942015 1.0857497 -0.9881076 -1.625999
756 -0.46831098 1.0684165 -1.139881 0.9110657 -0.04394426 0.68379164 -0.3933776 -0.16578177
807 -0.031198135 -0.2891745 -1.2690021 -0.23010327 0.9975628 0.8921241 0.22287843 -0.76415575
630 0.70535606 -0.52404374 -2.1962564 1.2631782 0.55144054 0.18198621 0.48823774 -2.2335076
686 1.0767335 1.2760878 -1.1103984 -0.07426121 1.2317668 0.9010804 -0.42256257 0.28103474
726 0.629019 -0.6869381 1.1390132 0.58590734 0.1601017 0.73836637 -0.50455743 -1.1533381
682 0.13856162 0.06075053 0.4852522 -0.095812574 0.7860151 0.93114054 0.6383158 -1.2545037
738 -0.43257514 0.17790326 -0.026575005 0.576704 0.20957586 1.274052 -1.5131308 0.3048683
766 1.2974654 0.8745946 -0.74396485 -0.43163344 1.2510195 0.5623632 -0.19698203 -0.35043323
769 0.2935103 0.18851517 -0.20810135 0.57322013 0.7480197 -0.23825327 -0.7980755 -0.9049302
663 -0.11883706 0.55563706 0.071343526 0.15016969 -0.62876034 1.2093952 -0.3208124 -0.49013048
703 -0.46514243 -0.3456233 -0.51576686 -0.24108312 1.631699 1.1684276 0.55606914 -1.147308
799 -0.29814547 0.41963804 -0.54345405 -0.13681117 0.1358618 0.6851042 0.11453702 -0.8644874
743 0.4193902 0.37772223 0.26486427 0.1760568 -0.75526255 0.8594531 -0.49122667 -0.7437715
714 0.29611075 0.1891506 0.21070589 0.61511517 -0.72627723 0.37157795 -1.2092932 -0.9086284
635 0.27717462 0.14528164 1.121283 -0.25907883 1.2404114 0.5094343 -0.53437 -1.1998446
701 0.8622474 -0.121030115 -0.3551649 -1.1926287 -0.19110766 1.3490498 -0.024998885 -1.6291041
527 1.7208194 0.15173645 1.1081909 1.5390989 1.6860452 0.8884634 -1.280161 0.032361463
687 0.31256527 1.3653862 -0.10974707 -0.28656867 -0.078848094 1.4050589 0.41942576 -0.57695633
656 0.31649965 1.7090677 -0.5604316 0.020878393 -0.37240127 1.2289684 0.7301465 -0.9268809
564 0.65694577 0.43162143 0.08855715 2.9111538 0.86480236 -0.4159126 -0.024201695 -2.2908401
657 -0.14278476 1.7093074 0.5946738 2.1464317 0.21789008 1.0326864 0.24859814 -0.46006697
651 0.56524193 1.252104 -0.8915241 -0.0006319323 1.2712288 0.9599149 -0.6532675 0.4761706
716 0.16134447 1.209612 -0.24528462 -0.48576978 -0.08844466 1.1841891 0.16399537 -0.64168227
688 0.005472936 1.4846047 -0.66512483 -0.562408 -0.1620557 0.7218975 -0.5322238 -0.71759444
711 -0.47498977 0.20778921 -0.35779035 1.7642119 -1.2574705 1.3990512 -0.04150919 -0.94615793
708 0.16744193 1.4293505 -0.2738494 -0.00029819767 -0.5019539 1.1824865 0.4988674 -0.866782
582 0.6287481 0.643234 0.4800629 2.3535352 0.9196626 -0.7566698 -0.8864437 -2.1077652
683 0.8635656 -0.96024346 -0.39561945 -0.1608424 0.77227974 0.6629126 -0.3445296 -1.0617812
696 0.65844357 -0.2257285 -1.3238024 1.3757128 0.19713384 0.9526993 1.2778037 -1.1223629
710 -0.008171326 1.0571545 -0.16237788 0.21560425 -0.9316324 1.7086315 -0.113336034 -0.17300299
629 0.3092268 0.8901927 0.50075966 0.02192421 0.2929628 -0.20530236 -1.8610939 -1.3514271
625 1.5840012 -0.6250524 -0.5201854 -0.6609863 -0.20936881 1.4628966 0.2899821 -1.4942626
689 1.8220452 -0.4466917 0.7098366 0.743572 0.06522524 0.9767056 0.16809 -1.2023586
667 -0.2071361 0.088621065 0.15444891 -0.4188889 1.5648986 1.5050607 0.5772946 -0.8026829
700 1.1953515 0.11851093 -0.627107 0.43229595 0.39531258 0.4839733 -0.12138412 -0.30942398
669 -0.14309247 -0.010768516 -0.57621986 1.8606625 0.68239063 0.051318854 0.18783952 -1.1247078
693 0.42020503 1.0648135 -0.15881194 0.2699362 -0.0837929 1.3758681 -0.44540527 0.41989666
641 -0.27957025 0.22614895 0.41021505 0.100775786 1.5175438 -0.020806441 -0.819027 -1.1521698
758 -1.01154 0.9389947 -0.6281239 0.79005724 1.5990783 0.24690995 -3.179558 -0.8510774
747 -0.6234524 1.2449247 0.47319442 0.02945593 0.24565294 0.024101308 -0.51207936 -2.0841396
712 0.40194702 -0.6526197 -1.1813377 1.1718903 0.27117962 1.4171053 0.42974907 -0.2374205
730 -1.0808629 0.124294855 -0.94087726 0.809992 0.51270664 0.4385382 -1.5728552 -0.4754511
602 1.6894256 0.544383 0.5668829 1.9257069 1.4332219 0.43987107 -1.3598573 0.061250936
672 1.0807916 0.88765675 -2.0435727 -0.43617535 0.17400637 1.0766777 -0.17499284 -0.37365222
642 0.38425004 1.2024494 -0.24443643 2.0261023 0.3870689 0.56521696 0.7661595 -0.79380506
637 0.66548353 0.08965979 0.74281913 -0.6352004 1.160019 1.1397313 -0.16675101 -0.7917302
706 -0.08388475 -0.102829106 0.17306666 0.3654804 0.48520955 0.6824821 -0.09900047 -0.5739735
725 1.8040125 -0.19857681 0.5602957 0.62403697 -0.27279273 0.882624 0.016629433 -1.1144615
717 1.5967987 -0.6903419 0.33732206 0.17828403 0.1044131 0.05349861 -1.391972 -1.9813306
694 0.8729238 -0.14238721 -0.18526089 -0.33673593 -0.14435567 1.3354701 -1.6177719 -0.059767827
673 -1.6133268 0.21847305 0.5218986 0.48481983 0.8680731 0.58754355 -0.69528794 -1.6995853
595 1.3260194 0.2840842 0.05781044 -0.9746654 0.74238265 1.5465086 -2.5301292 -0.10163616
645 0.7469356 0.750277 0.19529909 1.3299739 0.842917 -0.7125117 -1.0042694 -1.433561
634 0.43021438 -0.17125948 0.97210026 0.1202736 0.51450515 0.9319875 0.027415868 -0.98472434
684 -0.8935656 0.9715223 -0.5565365 -0.57556236 -0.29507324 1.5746528 -0.2857569 -0.8278784
676 1.2388697 0.703694 -0.000119069184 0.2493546 1.0794154 1.3485963 0.27253807 0.27948195
675 0.71686476 -0.081818044 0.29890648 -0.85471815 1.273782 1.1801312 -0.01290502 -0.85587466
639 -0.0017940341 1.050454 -0.5270263 -0.11225577 -0.23883091 1.106768 0.4918738 -0.8070211
692 -0.60813683 -0.20960595 0.15630071 0.59149915 -0.9277 1.2436795 -0.7845123 -0.91132015
632 0.38187885 0.80049884 -0.50390655 -0.7102305 -0.57906485 2.045233 -0.47458145 -0.071347184
705 -0.2991824 0.29568097 0.0030639293 -0.25429603 0.78060013 0.6465384 0.79603356 -1.968283
648 1.2774549 -0.8141328 0.28864768 1.9228443 0.29116854 1.075916 -0.4570219 -0.13855807
507 1.5954741 0.3991586 1.4308586 1.5830587 1.8651048 0.9773122 -1.0350263 -0.14376181
713 -0.8151038 0.6902675 -0.9471425 0.7486939 1.1780087 -0.013419553 -2.123645 -0.70572275
565 -0.10155444 1.3799819 0.7755462 1.441571 -0.5202819 0.876166 0.7515088 -1.9188856
729 0.11634539 -0.22471127 -1.14558 0.15064813 0.9065337 0.65878725 -0.8380173 -0.12425453
699 -1.6992341 0.35558286 1.1306868 0.49664494 0.32862556 1.1226405 -1.573094 -1.4625926
685 0.15999058 -0.9365608 -1.8877928 1.4606341 0.7091929 0.36816692 0.5826706 -2.8031335
670 0.7339336 0.2556236 0.93703413 0.1445562 -0.32197827 0.9323988 -0.9225297 -0.6029379
723 -0.21365367 -0.8042982 0.1608554 1.063071 -0.104169086 0.61466795 -0.53379416 -0.9711489
540 0.6785393 1.2952523 -0.33370858 1.9079303 -0.8091298 -0.030577991 0.278753 -2.2696319
644 0.5605543 -0.6512002 0.22739793 -0.8717649 0.64764816 1.1251572 -0.5397476 -1.2028278
727 -0.94306314 1.0216945 -1.3284218 1.4625773 0.34062856 0.5969218 -0.031966325 -0.5715486
654 0.077825144 0.49477953 -0.25317034 0.13713522 -1.3785696 0.93653035 -0.966462 -1.1214877
650 1.8892769 0.02280533 1.1966689 0.6920521 -0.8011581 1.5220201 -0.10983102 -1.1811262
764 0.38488868 -0.032416813 -0.32094574 0.5939031 2.2943826 0.32837608 0.20545341 -0.97215635
649 2.5204892 0.5178009 -0.729089 0.21163817 0.2933883 0.74939805 0.07169122 -0.6579414
559 0.052582934 -1.247554 -1.6310469 1.6269954 0.5505958 0.45303124 0.4748721 -2.8484347
528 0.8246275 -0.45610937 0.15850112 -1.1725122 1.1069821 1.138264 -0.34940287 -1.4081861
646 1.9265738 -0.8909809 0.29110238 0.16716494 -0.1381098 0.8574111 -0.0826434 -2.0412228
551 0.0065600662 -0.38558823 -2.1026332 0.6072996 0.83147126 1.2832906 -0.88645726 -0.010751173
674 -0.35730717 -0.0408921 0.032538876 0.5933161 -0.00057586853 0.9981869 -0.38257742 -0.24427564
715 0.18057318 -0.49565953 -0.08069928 0.83127546 -0.46481362 0.73091394 -0.65786505 -0.60762
621 -1.3335669 -0.13949065 0.04051576 -0.25287944 0.66427004 1.9046124 -1.9262193 -0.22594786
624 0.46102107 0.44076887 0.17184196 0.24465565 -0.48369768 0.0440151 -1.6495334 -1.0953132
664 -0.057275373 0.31288552 1.0353142 0.4120679 0.6086335 1.7143693 -0.22699387 0.05033492
718 -0.06623793 0.14307453 1.244895 0.06104261 0.531838 1.8177383 0.18444628 -0.6708249
640 0.47689506 0.14931963 0.061489314 0.5149266 -0.6642211 0.27497742 -1.3936139 -0.89665145
581 1.0003766 -0.6023239 0.23277363 -0.50888884 1.0368742 0.9739404 0.16690898 -1.399381
719 -0.075399496 0.7799756 -0.2815898 -0.21393485 0.23563528 -0.07929873 -0.4926579 -1.4154799
678 0.58473384 0.826206 0.9361624 0.34123918 0.91242766 1.100603 0.36545575 -0.38612267
662 0.024254229 -0.7501154 -0.94396245 0.82452184 0.4464269 1.2646165 0.34927657 -0.45796287
575 0.38713133 1.1632624 0.70952016 1.3036609 0.61898 0.47458103 0.6769835 -1.1730459
652 0.117804244 -0.04528673 0.5288395 2.4607038 0.5685811 -0.39751586 -0.75113946 -2.1509871
526 0.36866227 0.12660591 -1.5667913 1.414845 -0.016567905 1.2920909 0.15039654 0.03592311
552 -0.28817677 1.1802398 0.30215865 2.5965192 -0.23341297 1.3749995 0.5999808 -0.68977916
610 0.2466858 0.7818731 1.0863991 2.1115696 0.4701472 -0.46575516 -0.9128424 -2.1818988
643 0.58028483 0.27345958 -1.3929609 1.2135845 0.21394135 0.40955848 -0.4311579 -0.14124244
607 0.40503564 -0.0334764 -1.592601 1.2595263 0.08095624 1.5109339 0.42695075 -0.049009517
606 1.2581184 1.0026922 -1.7683778 0.5296716 0.49239793 0.49669057 -0.05415035 -0.30885398
653 -0.81094986 -0.6315239 -0.30449626 1.5970502 -0.5019834 1.2094574 -0.08977899 -0.9542691
592 -1.1622517 1.3565849 0.9660195 0.8096914 0.20137016 0.026877085 -1.351176 -2.2025473
679 0.7327574 -0.12445585 -0.8080824 0.1923678 0.8558037 1.6318191 0.690528 -0.052807182
631 0.41272852 0.14978437 -0.4829558 1.0852871 -0.48500812 0.5126761 -0.88731855 -0.2440553
545 -0.23367667 0.9129516 0.9207775 1.7960235 -0.8738531 1.0338403 0.09170861 -1.3577834
661 -1.6519241 0.5524752 -0.29944444 0.982772 1.3882312 1.2523098 0.3788767 -0.88215446
410 0.82376975 0.34471947 1.0743926 0.05216529 0.0655983 0.97370803 -0.7534057 -0.55066204
658 -0.46901375 0.75746596 -0.39475545 2.4917634 -1.0290254 1.361418 0.09271628 -0.81113833
573 1.1707584 0.30260307 1.4103767 1.040857 1.5109082 0.9617863 -0.5254154 -0.27173406
533 0.27627188 -0.5474206 -0.7724947 1.2264049 2.385263 0.3378969 0.07258488 -0.9595918
598 0.16142751 -0.032851547 -1.2807469 1.597333 0.2772355 0.5115948 -0.62020177 -0.17215413
615 0.070185155 1.4398401 -0.55769384 0.8937746 -0.14004628 0.5957834 0.5820601 -0.91014767
680 -0.07968676 0.51013386 0.14856754 0.18242525 0.94982684 1.2347019 -0.6160179 0.3421824
613 0.6987502 0.25911087 0.4484343 -0.7322065 1.2013037 0.8560153 -1.4229497 -0.3805723
586 0.1719583 -0.7682103 -0.44312158 -0.67153734 0.50610673 0.8652999 -1.0762391 -0.9630345
636 1.1594208 0.13086829 -0.54244995 0.1106673 -0.6280425 0.55017895 -0.5821499 -0.72009003
671 0.6013352 0.03081374 -0.26491696 0.79036915 -0.8594909 0.7224032 -0.6927819 -0.4860003
489 2.1837618 0.23018867 0.8873879 0.18452719 0.20422699 0.9619036 -0.047818508 -1.159209
562 0.78883266 0.43054515 -0.49526435 0.008508899 -0.7461592 0.28227207 -0.15812561 -1.4763844
655 -1.0618024 0.47824326 -0.22732052 -0.07987272 0.80401057 1.2889274 -1.7569535 -0.0006439218
566 0.40557644 0.7848316 0.34676835 -0.6244148 0.48254266 1.5393362 0.3735874 -0.62157077
597 1.3990312 -0.86154956 0.15151037 1.6643573 0.021475354 1.5512298 -1.1861258 0.28668627
560 0.10920128 1.0786316 0.23252739 0.43024907 0.9416468 -0.42829672 -1.4384102 -1.1770526
517 -0.061952684 0.90002984 -0.40965378 -0.12757261 -1.4129387 1.1168109 -0.9363617 -1.1232586
601 -1.1320547 0.95181715 -0.10566741 0.61291134 1.6137533 1.6458423 0.7996851 -0.4624838
591 0.57005066 0.16019277 -0.8122121 0.9576927 -0.61814404 0.73100686 0.8735481 -1.483547
628 1.2046298 0.22014579 -1.4144132 0.40676177 2.2665105 0.2701345 0.54708284 -1.1508269
659 0.42500976 0.5465576 -0.42798325 0.5091869 0.45338416 -0.21097186 -1.0496435 -0.6306209
543 1.3959008 -0.18565501 -0.858662 -1.0525187 0.42652217 0.9016527 -0.025540061 -1.4734923
697 -1.8381604 0.92161363 -0.14876454 1.3173208 1.144676 1.8474544 0.58942103 -0.76122415
567 -0.37365717 1.3953825 1.0926135 -0.34383607 2.1100233 0.72376096 -0.4492649 -1.3657376
677 -0.02682352 0.8369242 -0.1559769 0.3101857 0.7520078 0.40371186 -1.3408518 0.012728533
617 0.12734357 1.8092325 0.13251369 1.1780338 0.07010149 1.2316656 -1.4337542 0.6260685
627 -0.55023587 1.7346971 0.81792957 -0.82034427 1.4858358 1.3274333 -0.13379176 -1.2257512
577 1.2952168 0.94926476 2.2363293 -1.121155 0.8909739 2.6811843 -1.5794022 -1.06125
544 0.370851 0.68240064 0.727128 0.5756345 1.1678551 0.9714249 -0.29322833 0.08015872
547 0.16961731 0.99525934 0.6725745 0.3367658 1.1223775 1.2906166 0.14169233 0.015317593
548 0.7999103 0.44414476 -0.018561227 0.3342158 0.1829052 -0.15862511 -1.3732605 -0.8506318
587 0.03835736 1.2524679 1.4081073 0.36062428 0.5765544 0.13473628 -0.84955025 -1.6283767
563 -0.35155085 0.6645693 -0.5661253 0.048120108 1.500103 -0.064299755 0.4580938 -2.0547895
600 0.7579502 0.6993194 -0.042178653 -0.16698414 1.1304514 0.3044269 -0.5233009 -0.4295897
660 -1.0199404 1.1708287 -0.7612485 0.63065517 1.4334396 0.33195776 -2.4955373 -0.53366846
633 -0.025583327 0.60630655 0.21136549 0.06321443 1.0367062 1.1617477 -0.6059898 0.30385712
571 1.0854437 1.49982 -0.6322822 0.5130331 0.7900939 -0.1899559 -0.27166134 -0.6810464
412 -0.19787884 1.3619958 1.6389772 0.49850547 1.13812 0.3571074 -0.94492066 -1.3265405
619 0.3772853 -0.078158684 -0.24646251 -0.60430044 -0.23427197 1.4818461 -1.1192398 -0.24456874
550 0.9449332 1.6207638 -0.3083588 0.6374439 0.9361396 -0.39604253 -0.5350365 -0.90745324
393 0.82072735 -1.0155363 1.0766095 0.75998235 1.9825878 0.8367936 0.19846304 -1.8503866
542 0.7844051 -0.27711257 -0.004592086 -0.3899785 -1.0506649 0.9597106 -1.1848325 -1.5259206
611 -0.3381091 0.8090129 0.28758833 -0.4974409 0.74978584 0.7184331 0.25405952 -1.3227571
681 0.12018205 0.22638032 -1.0411285 1.1272302 1.3818591 0.08711307 -0.17097661 -0.40216786
398 0.095982164 -0.66633725 -0.6109416 1.22014 1.8823636 0.3989674 0.05920732 -0.83799225
117 4.926502 -2.102823 -2.1543992 1.6276172 3.9356184 2.618392 -3.3705535 -1.0245658
425 -0.1503011 0.6172416 -0.5818436 0.18896016 1.9729838 -0.118058324 0.57962584 -2.265096
263 -0.6830711 1.5353601 0.9771002 0.112481 0.42140788 0.06848079 -0.955092 -2.2305372
556 0.13956316 0.53651196 1.1026946 0.81228197 -0.7376291 0.45917043 -1.4181423 -1.151381
521 0.463006 2.1262007 0.12864523 1.4047896 -0.17176266 1.4294906 -1.3562088 0.6338023
579 0.42733318 0.6137542 -0.5593584 0.51250064 0.31688276 0.02111427 -1.1408032 -0.31341568
525 1.9173911 0.038898345 0.68465114 0.45832494 0.6632593 0.98811406 0.0029005997 -0.56897604
618 -0.4235951 1.6299303 0.6834668 0.19440307 0.05216698 0.29844707 -0.8352243 -1.132938
500 -1.0999125 -0.9685555 0.1760493 -0.045921024 0.9234752 1.339743 -1.2826507 -0.8262816
589 -0.0038856356 0.9527463 -0.048033625 0.38222328 0.8704735 0.35137582 -1.4927957 -0.032525633
614 -1.0700011 0.22313754 -0.46046692 0.036192294 -0.6296409 1.9079624 -0.0037692823 -0.8170315
584 0.76094425 -0.26706278 -0.65684503 0.5510832 -1.0618473 1.3031344 -0.29384655 -0.549642
623 -0.7373073 0.19932045 -0.38349748 -0.29753464 -0.57991976 1.9620261 -0.058000457 -0.74629563
594 1.4822357 1.398697 -0.7764348 0.095558845 0.8138797 -0.06053212 -0.4845892 -0.6603758
530 -0.2989864 1.0455954 -0.3567698 0.21347442 0.6828085 -0.31415212 -0.21754286 -1.6719974
535 0.1430846 -0.43390808 -0.052427813 1.536912 0.5020957 -0.024647526 0.18872298 -1.8310362
438 0.5772752 0.19165063 0.8963578 -0.38801086 1.2549256 1.1743258 -0.12026736 -0.66703975
603 -0.36372232 0.6196024 0.13913432 0.25940207 1.1514448 1.2612469 -0.46567038 0.2393054
555 -0.23450613 0.49930936 -1.198235 -0.16351354 -0.31346676 1.9883935 0.49400535 -0.44075462
432 0.28414255 1.3795033 0.8503623 1.7717063 -0.33108395 1.1240004 0.86856985 -1.3699377
612 -0.27305 0.6535378 0.25827843 0.5079162 -0.15162015 1.0455922 -1.2399002 0.07199858
578 -1.6339251 0.1018017 -0.28305286 1.45344 0.926141 1.226573 0.24997272 -0.93143564
382 1.4718566 -0.9580531 0.09507831 1.5672531 0.30287498 1.8534217 -1.5390137 0.50672287
387 -0.5400761 -0.20539148 -0.85304457 1.241203 0.49408063 0.38245335 -0.42537627 -0.59089
626 1.7702024 0.8989553 -1.2817831 -0.09726874 0.96849334 0.6545757 0.046852913 -0.44504857
576 0.28761226 0.24744155 -2.7844903 0.5229105 0.4905731 1.6670313 -1.5741823 0.18405695
604 -1.0952488 -0.053460963 -1.0727031 1.0817218 -0.38884875 0.7013952 -0.639335 -0.92191666
553 -2.2180486 0.67947185 -0.24649276 1.2256013 0.26380804 2.141527 0.10355086 -0.86343664
486 0.040931903 -0.51742625 -0.7574737 0.81640905 0.2980222 1.5259392 -1.7826495 0.50208545
531 0.88729775 -0.57373065 0.0745427 0.4064313 -1.0269259 1.5297406 -1.5768268 -0.42175993
568 0.20602123 -0.9138098 -0.8101444 0.95335484 0.36540964 1.138607 0.47205916 -0.73442554
569 0.8181886 -0.8076974 -1.0374854 0.036920443 -0.063827865 2.5027866 -0.1004403 0.15737538
537 -0.16607288 1.1414015 -0.4040336 0.7115131 0.40082696 0.11160457 0.85210127 -1.8212374
520 0.26735607 -0.0946099 -0.6671273 -0.8874574 0.5164718 0.14172572 -1.4825026 -1.5226713
554 0.2636576 0.94303113 -0.38912874 0.016751459 -0.9998945 0.86517954 -0.36661217 -0.8204476
418 1.3392489 0.9137559 -0.46785584 -0.7430545 0.6088667 0.7873906 -2.6540704 -0.2700173
590 1.3504537 0.5016533 -1.180874 -0.08834558 0.5673019 -0.06470386 -0.4915672 -0.96103036
409 1.0101637 -0.80056226 -0.47995913 -0.65551484 1.6188822 0.36185494 -0.3673269 -1.8836678
583 -0.30361235 -0.67812 -0.77249795 0.26557305 1.2294906 0.9205172 0.41216037 -0.98797506
620 -0.04348423 0.31580013 -0.6699688 1.2510048 -0.8092355 0.47445914 -0.7455317 -0.6555754
522 0.90758234 0.9611692 0.29331514 2.0373907 1.4379039 1.2472582 1.173158 -0.3811743
10 0.81790113 -0.32676992 -0.017872442 -0.77960837 -0.9759833 1.1583608 -1.1706877 -1.7824054
638 0.94893503 0.039039105 -1.187128 0.2287096 0.83323807 0.17084399 0.22130454 -0.9932076
465 0.8764506 0.65867287 0.75489044 1.1105506 1.638662 1.2358423 0.90109015 -0.45242026
470 1.3023094 0.29638526 0.4647671 0.59725726 1.312563 1.8380369 -0.078917526 0.48279876
580 0.9471342 0.7888616 -0.3425709 2.3939443 0.9077249 1.0417638 0.80535114 -0.13516828
541 -1.722467 1.50657 0.026757361 1.8713566 0.709919 1.5964288 0.73452365 -1.0567129
485 0.5563722 -0.58201104 -1.3270864 -0.10253175 -0.44194725 0.3228568 -0.70632863 -1.6651138
588 -0.5928867 1.2829885 -0.3193529 -0.006546507 -0.004475161 1.288681 -1.0225272 0.08171955
538 -1.4593146 0.6648222 0.21304433 0.23383427 0.57820624 0.3473383 -0.37183487 -1.9838
377 0.2732309 1.6361673 -0.2945326 0.5316974 -0.13987039 0.41908726 0.89757746 -1.9578403
508 0.03344916 -0.9076033 -0.06723361 1.0419488 -0.5549361 0.4927662 -0.48097903 -1.5024447
291 0.33524153 -0.76850325 -1.0810026 1.778213 0.13971315 0.21094403 -0.87705505 -0.8435206
483 0.099918775 0.36272115 1.1947496 0.43467602 -1.1554493 2.1989517 -0.89217407 -0.69633615
733 -1.6401511 0.6186936 0.6663421 0.41382757 0.911477 0.98439443 -1.3533057 -0.79632205
523 0.04832834 -0.050678086 -0.38469386 0.83011085 0.8585984 -0.15042403 -0.51621825 -0.9055584
539 -0.35377234 0.54999846 0.20461278 -0.11531714 0.6525212 0.7123358 0.3783117 -1.1478349
599 1.1009511 -0.7601022 0.58756745 0.53561586 -0.4514172 0.2551621 -1.482787 -2.0505219
400 0.706171 -0.12041163 1.0879875 0.30977726 0.2521468 1.0875618 -0.82066035 -0.39473405
396 0.7869613 1.06813 -1.5727928 -0.50344205 -0.235027 1.1342261 0.0143634025 -0.54874784
529 0.82985467 0.87689376 -0.2701221 0.22876057 -0.35644668 -0.014420656 -1.2371202 -0.79376894
75 1.9935313 0.27740803 1.5313413 1.7729084 2.2789729 1.1393586 -1.538954 -0.13757874
460 0.17681864 0.15496613 -0.9377984 0.21338159 -0.291151 0.90025765 0.8172566 -1.3798504
499 0.8012886 0.15607363 0.6349478 3.181944 0.13332927 -0.3894268 -0.69721794 -3.5660136
585 -0.33217788 0.7720929 0.47198668 -0.08327604 1.0644897 1.15298 -0.79833966 0.08290697
455 1.8898308 0.40512437 1.097835 -0.12970635 0.69294095 1.0831205 -0.040530313 -1.0135467
668 0.17117758 -0.45534995 -2.3323016 -1.317983 0.66421527 1.0192845 -1.5961715 -1.7893541
415 0.6671456 -0.9925599 -0.8492941 -1.0460483 0.47452512 1.018907 -0.59927523 -2.0133646
498 1.4465379 0.49704802 -0.11365573 1.2479053 1.110744 1.66525 -0.27509394 0.8883291
290 -1.3553002 0.2434077 -0.38503322 -0.28809902 0.8236578 1.5479952 -1.929418 -0.26748383
153 1.5203937 0.79288536 -0.40237877 -0.9531927 0.59726894 1.1846336 -2.9542491 -0.2026713
394 2.3072367 4.404896 1.487134 -1.6239755 0.26452896 2.4657786 -1.5269991 -2.6211767
446 -0.1259931 -0.1370736 1.5437138 0.4310679 -0.7974164 2.2305684 -0.80436456 -0.932914
532 -0.033343486 -0.7305482 0.117252655 0.94575363 -0.1292432 0.55085564 -0.45928174 -0.9736055
605 0.47147518 -0.2892845 -0.45944148 0.6287698 0.8294705 -0.2532078 -1.0975292 -0.9003179
513 -0.62113076 -0.65355927 -1.6571624 0.5544126 1.2657808 0.8121383 -0.76972747 -0.48972937
453 -0.3176523 -0.15118676 -2.8545194 -0.2531791 0.9927117 1.060045 -1.3504076 -0.9207816
506 -1.3003075 -1.0292387 -0.7670888 -0.5373018 -0.2993538 1.7455318 -0.91507894 -1.9302421
574 -0.722369 0.8310332 -0.10463311 0.17955728 0.38461724 0.5757744 -0.7566827 -0.4040272
439 0.880242 -0.44181976 -2.4861157 1.252549 -0.5636976 0.924458 -1.9626888 -0.5439822
376 1.5954176 0.22675061 0.5238429 0.9466642 1.4237107 2.2168648 -0.23341072 0.68429095
479 -0.3796541 1.5960015 1.610974 0.8770818 1.1116713 0.2091206 -1.3219435 -1.4856418
427 0.031045007 1.4403697 1.0274742 0.32405832 0.5216366 -0.19666557 -1.871996 -1.6893855
361 0.767964 -0.08320071 -2.0519412 0.92361194 0.6709964 -0.4695177 -0.26761562 -2.0799391
461 0.9877986 -1.265319 -0.50936323 -0.70324427 -0.06547613 1.9258068 -1.6798553 -0.6896237
593 0.18963225 0.7071941 -0.35137367 -0.1703587 -0.49890858 0.17698784 0.096166104 -2.2738135
421 0.04018746 0.63580483 -1.7720351 0.31827885 0.82484096 1.4679166 -1.3098646 0.6104536
518 0.27180287 -0.6575586 -2.3111172 0.3251459 0.55779856 1.9093461 0.04594373 -0.26829085
433 0.60086626 0.45993456 0.0062032 1.4931682 0.9106303 1.4710708 -0.9147842 0.9284314
622 -0.04120872 0.34650525 -0.62210304 0.6121678 0.53568417 1.3889943 -0.24210691 0.49466673
462 -0.060825434 1.3421271 -0.6952208 -0.10342319 0.8248867 0.39625826 -1.2986243 -0.127284
7 1.637246 0.15890758 0.37983206 1.2702961 1.3215247 2.2153575 -0.4360451 0.83044356
515 0.19174089 0.19060996 1.3402513 -0.38873547 0.2927274 2.2712674 -0.32261926 -0.63837487
423 0.054269742 0.052821714 1.6855966 0.073761016 -0.56814915 2.9563568 -0.06151208 -1.1955222
312 -0.13168925 0.19617592 -1.478852 0.03711424 -0.22581579 2.1229103 0.6507598 -0.44179288
546 0.13155876 -0.5181797 -0.026560314 0.7522557 -0.42342535 0.6799144 -0.54430777 -0.7263595
481 0.2996711 0.2959444 -0.2577284 1.2783563 0.50738776 0.3573198 0.54152364 -0.7604471
441 1.3974277 1.9854612 1.2461559 -0.92840266 0.89755803 1.2104434 -0.80019647 -1.1346437
596 -1.7256027 1.2801416 -0.5477393 0.55945754 1.0398015 1.0206608 0.5095889 -1.3308191
403 0.08595349 0.52269673 1.7636477 -0.095962964 0.3461874 1.922065 -0.14882964 -0.9965332
608 -0.6268064 0.70940477 -1.3120786 0.9173759 -0.11091912 -0.019053608 -0.5022134 -1.2245597
490 -0.11730602 -0.7147321 0.49481198 0.8047858 1.0459775 1.215706 -0.028380312 -0.38592696
434 0.42972073 -0.41146904 -0.9131828 -0.41782334 -0.3019073 0.35281938 -0.3441651 -2.097376
534 -0.7065035 1.1646016 -0.3904617 -0.37272453 -0.009499046 0.6017038 0.08194112 -1.6068444
466 1.4500061 -0.7754021 -0.64288443 1.1105704 -0.33002284 1.5180926 0.62505114 -0.6595741
487 1.0112805 0.4759863 -0.41275257 1.6097468 0.7254393 1.4837588 -0.6064348 0.9334666
504 0.242316 1.0646392 0.8918669 0.88524616 1.04747 1.1401725 0.6274763 -0.2955661
436 0.32457152 1.4436399 0.4940104 0.29307607 0.7966455 -0.24822631 -1.2352277 -1.0373683
557 -0.5391228 1.7635126 1.2755692 -0.5451233 2.233836 1.3291365 -0.31304598 -1.4259368
519 -0.74619114 -0.25318992 -0.039106615 1.0366254 0.7927726 0.9237355 -0.87962556 -0.09237098
13 1.1234775 0.2084246 0.4313005 -1.051547 1.2389148 1.4287424 -2.0685728 -0.31025335
51 -1.0642749 -0.9988004 -0.6890199 -0.80369496 -0.11797787 1.5003611 -1.0829678 -2.040986
561 -0.23964912 1.0003966 -0.3116139 -0.2976258 -0.26792654 0.68127555 0.24679396 -1.3692597
389 -0.46030852 1.236108 -1.0677619 0.43130964 -0.43040317 0.99503076 -0.27469075 -0.35139936
395 -1.3598608 0.5733686 -0.36194038 -0.12607214 0.0980573 0.86642313 -0.02293293 -1.6639512
476 0.21637253 1.0468338 0.23956464 -0.63099945 0.10755613 1.2723191 0.12613268 -0.7270228
536 -0.39738294 0.078616716 -0.7802229 0.19340077 0.61198443 1.3973782 -0.4662666 0.2518953
484 0.1064274 -0.6219917 -0.6609261 0.7883586 2.158199 0.17857794 0.09298018 -1.5939094
616 -0.70161486 0.68028814 -0.9194175 0.57189316 0.14641166 0.14520541 -0.09189755 -1.1856502
494 0.7957762 -1.2964933 -0.20570235 -0.7323818 0.65694344 0.76948136 -1.0724343 -2.038357
572 0.9579063 0.80331635 -1.5492427 0.9421741 0.14937243 0.49934334 -0.17864361 -0.14786673
509 0.8950574 1.19634 -0.23206915 1.1834567 0.5420919 -0.0061975745 0.0045448286 -0.55568683
46 1.6352247 0.42781234 0.5669323 1.5883595 1.489952 -0.012016024 -2.0374038 -0.38455755
459 0.016617235 0.81610173 0.45165682 -0.5729741 0.15834773 1.2465957 0.07922582 -0.8251484
454 0.2581178 0.86896855 -0.7401822 0.79002225 -0.59620476 0.55060875 0.80546945 -1.6278208
84 2.426181 4.5927444 1.4920115 -1.6849437 0.2267391 2.4355989 -1.5557363 -2.9534242
110 0.11982177 0.04409936 -0.33508795 2.7048638 0.9832081 -0.1395019 0.14414757 -1.8363104
296 1.121519 0.04817152 0.4555421 3.5429554 0.007724324 -0.37925652 -0.5133461 -4.158627
440 0.57236516 1.5798491 0.08026444 1.6775457 0.088950485 1.0192641 1.0259036 -0.8615913
609 -1.2949917 1.3023875 -0.15398644 0.81067854 1.0522852 1.4775275 -0.81762415 0.2945595
477 -0.9792834 1.066315 -0.17308058 0.04311644 0.30290964 0.54368377 -0.7996729 -0.68937635
388 -0.0802662 -0.44194305 -2.6632593 0.4724502 1.2386142 1.7490951 -1.0726975 0.006957798
165 1.8798367 0.41701138 0.86005163 1.7653685 1.7452315 0.26553476 -2.0112743 -0.2796281
318 1.0467764 0.07201949 0.25490546 3.2420394 -0.15895319 -0.28179795 -0.3480381 -3.9648416
497 2.063002 0.9593387 -1.2348574 -0.4677785 1.1148502 0.8562205 0.07508186 -0.5926393
558 -0.4874088 0.63613534 -1.232897 0.21003689 1.0836427 1.1507355 -1.1062632 0.40569052
411 0.18723398 0.3383199 -0.33728883 -1.1168406 -0.5088477 1.2705173 -0.40447056 -1.2972845
196 1.6378262 0.12482271 1.6943009 0.57277346 -0.9846269 2.2555845 -0.12105993 -1.2297401
272 2.1856284 4.2892323 1.4822836 -1.5385817 0.23626886 2.2789876 -1.407745 -2.6806054
408 0.29961622 -0.94858575 -2.4044487 1.7293013 0.70131224 0.4035444 0.5655415 -3.1425698
127 1.089495 2.0561554 -0.15766884 0.91574216 0.8696606 -0.29634404 -0.14565137 -1.0920882
495 0.22107737 -0.5043708 0.8454631 -0.64145386 1.0272801 1.1893535 -0.52796704 -1.1448122
444 0.11517877 1.41403 0.94355834 0.2968437 0.7179148 -0.13592249 -1.2251791 -1.3851511
511 -0.85873836 -0.12568119 -0.93784344 1.0992428 -0.54343396 0.9018262 -0.4520258 -0.8169617
384 1.8993804 0.034775626 0.60360944 0.23134114 0.5586678 1.340907 0.6379384 -0.83759564
475 -1.451269 -0.483763 0.6648434 0.5299994 -0.56861883 2.8182013 -0.061119966 -1.3303125
397 0.03493331 0.4819711 -1.3020407 1.7227026 -0.1186438 0.6038918 -0.7365169 -0.11414067
401 -1.1584257 1.173241 -0.2082333 1.0659778 1.5379708 0.5343702 -2.607796 -0.3406321
266 -0.10278463 0.6967523 2.0335503 -0.07808633 0.13932501 2.4281182 -0.26023054 -1.1136719
510 -0.241008 1.3191384 -0.13915019 0.6712493 0.021109415 0.3839531 0.6547991 -1.5001979
185 0.10068196 1.2313678 1.8244429 0.68455076 0.97204494 0.474051 -0.78082675 -1.2628912
22 0.7808015 -1.2069938 1.4549615 0.8356769 0.7898962 0.80520374 -0.5898429 -1.7350512
524 0.3519913 1.0200441 -0.37120062 -0.5180968 -0.08751173 0.63025624 -0.9731108 -0.44365752
458 -1.0974059 -0.10656606 -1.2996458 2.6017087 0.9894423 1.1771457 -0.7295458 -0.21787392
133 0.45244867 0.94648844 0.011771744 -0.75242823 0.030701086 1.6387256 0.4044798 -0.7194196
448 0.86622274 1.3344917 0.079755805 1.1900412 -1.0686183 1.0781605 -1.2282413 -0.040086586
106 0.8482004 -1.1730231 1.3304367 0.83289087 1.3068521 0.7798372 -0.33825493 -1.8509539
407 0.91490024 0.18532763 0.036894314 0.4575956 -0.42000535 0.27961224 0.3051619 -1.6003506
24 1.4018953 0.051313486 0.12582046 0.19233638 0.26985416 0.6295728 1.2227602 -2.217226
306 0.65449476 0.86103857 -2.0375755 -0.19670017 0.6954607 0.59338903 -1.7968023 -0.14090964
471 0.042656165 -0.12900956 -2.794632 0.3588087 0.46832776 1.9299697 -1.2114215 0.07347245
464 0.5011639 0.42842704 -0.2512163 -0.0065828115 -1.0920528 0.9475893 -0.43318164 -0.9286444
404 -1.0137677 -0.70151865 -0.026113106 0.9631824 0.1719908 1.0891516 -0.2970614 -0.8986935
480 0.6485255 0.3952584 0.62168044 -0.23483415 1.1707102 1.0669712 0.04125957 -0.473078
391 -1.332324 1.3987737 -0.6432542 0.2164329 -0.121680215 1.3933231 0.037175305 -0.80811423
496 0.3884102 2.3796587 0.24241312 -0.759659 -0.111554265 1.2690467 -0.4631237 -0.9086274
30 1.6596428 0.31744334 0.42918956 2.4630885 1.1474632 0.72815186 -1.146067 0.17216201
420 0.2291095 0.33501372 0.44920287 0.34785238 -0.6017367 0.23153086 -0.844793 -1.4071963
445 0.3683823 0.10815685 -0.49327114 1.3092464 -0.69501936 0.3408862 -1.0747312 -0.55422115
222 -1.2877506 -0.38293156 1.0620714 0.5921141 -0.53852147 3.124058 0.0732188 -1.2950884
9 -0.37519276 -0.39610058 -0.77519727 1.170836 0.8160116 0.4919011 -0.26964697 -0.47942844
431 -0.7532084 0.9892778 -1.0453279 1.3071722 0.5180489 -0.24024196 -1.6117935 -0.85765135
492 1.0946302 0.8958187 -1.0987 -0.68120825 0.03052816 0.9717564 0.18720683 -0.73281866
28 0.25949675 -0.75199556 0.81772065 -0.7878007 0.9907158 1.2616158 -0.74436915 -1.3787646
413 0.9172646 0.5431429 -1.4007034 0.49443936 0.36584672 0.25735196 -0.020416783 -0.5239902
473 0.019568631 0.3565912 -2.0204134 0.8022157 0.4101982 0.9115119 -0.8349417 0.09254477
381 -0.017395532 0.37710446 -0.12955356 0.58064675 0.87735486 0.7283462 0.06718295 -0.09079137
399 -0.7650021 -0.8040628 -1.072777 0.518531 -0.23547226 2.2757733 0.38826627 -0.66660476
430 -0.6138334 0.914916 0.08231804 1.0795871 0.105880186 0.42661875 0.7343369 -1.7685912
201 1.095766 0.81894493 0.31158802 2.9702632 0.9500349 -0.13472852 0.52290213 -2.3094344
516 0.48740083 0.7502539 -0.55557394 -0.09475228 0.5512272 -0.15259734 -1.1433547 -0.83110434
219 0.32611132 -0.529598 -0.43698442 0.7934847 0.95081854 -0.12086915 -0.92292714 -0.8640403
416 -0.45926288 1.5514488 1.2094376 0.82948494 0.55625635 0.5528943 -1.6530652 -0.45878646
137 -0.6464555 0.3032898 1.2671063 1.8390771 0.833799 0.17105721 -0.79726744 -1.4047954
468 0.44337603 0.24265432 0.18572079 -1.1346203 0.6806919 0.7957832 0.21907175 -2.0005734
570 0.8294409 -0.038125504 -0.6303526 0.84242165 2.7387698 0.09107673 0.35697997 -1.6719223
457 0.30565116 0.4256194 -1.5269257 -0.60218096 0.5667678 0.00905339 -1.7072212 -1.2219478
383 -0.3177215 0.26974767 0.3141438 0.15424016 -0.713178 0.40610114 -1.0345178 -1.515949
235 1.1604443 0.67948043 -1.2658851 0.99670845 -0.3833107 1.3343524 0.8559723 -0.41868776
39 0.48728988 0.30237862 1.3616868 -0.38881627 0.21307963 1.459732 -1.1926398 -0.6205859
472 -0.41523904 -0.34110156 -0.66216177 1.4037926 0.38761473 0.40828946 -0.6652366 -0.48705184
259 1.9412181 -0.26540816 -0.66028714 1.5333017 -0.61863124 0.374876 -0.6711954 -0.88433427
43 0.46042353 0.39297035 1.359351 -0.54782504 0.4896608 1.5045975 -1.0324886 -0.633164
474 -0.5567334 0.71627355 -1.0005379 0.5074707 0.11235813 -0.029808035 -0.29215515 -1.3003207
402 -1.679333 -0.42562616 -0.2162155 0.5913682 -0.3586905 2.0803072 -0.21626785 -1.2586191
414 0.87409604 0.10548442 -0.29242748 -0.7863882 0.4042142 0.23651701 -0.9944283 -1.187697
467 0.75350714 0.81390405 -0.40224618 0.26898307 0.81760466 -0.30932915 -1.1114883 -0.7649028
456 -0.9847733 -0.5944424 -0.98326397 2.6004765 1.1959821 1.4031332 -0.5276203 -0.23791133
175 -0.09702364 1.3445663 0.98509496 2.02252 -0.06244826 1.3506241 1.0076876 -1.4425029
463 0.9980226 0.22685583 -0.8957744 2.2401245 0.78651756 0.858557 0.29207733 0.010699597
147 0.5382549 1.3362162 -0.72972655 1.3899868 -1.2322441 0.13863696 0.10485871 -2.025151
61 -1.0550258 1.04461 -0.12537381 0.9116894 1.2219123 0.6728671 -2.1251216 -0.073848054
435 0.5588469 0.66334015 -0.41434956 0.04910336 0.8183321 -0.22137341 -1.2011784 -0.76759917
449 -0.20583725 -0.8241483 -0.13908775 1.1429538 0.69126743 0.547846 -0.27066177 -0.7316086
138 1.0145931 1.6861477 -0.25001127 1.0553343 0.39430675 -0.41051272 -0.2384248 -1.292042
406 0.43723962 -0.04150097 -1.1717738 1.5314682 0.27207777 0.5985074 -0.51856303 -0.024885245
59 -1.8076477 1.4615989 -0.31806013 1.091785 1.1368581 1.6164706 -0.72361547 0.03251258
478 0.4343091 0.3865962 0.24873678 -0.16905056 0.93294716 0.50520885 -0.52750814 -0.36383557
253 0.5224715 0.70692605 -0.54553545 -0.122207485 -0.7465119 0.20394498 0.035854466 -2.2516935
225 -0.59967136 1.2002277 -0.4392089 -0.38337377 -0.17576396 0.76178724 0.085647486 -1.3667359
268 -0.84348154 -0.8075427 -1.1138475 -0.33362532 0.27155608 1.787675 -0.7196082 -0.59105223
512 0.29814476 0.6011827 -0.8010033 0.6239802 0.31214955 -0.17697477 -0.91519904 -0.62236744
14 0.6083924 1.7687153 0.7468982 1.873218 -0.08389374 1.3512766 1.02631 -1.0994036
211 1.2799975 -1.0397819 0.7299213 0.89341986 2.7902894 0.53145343 0.29154485 -2.4202354
452 -0.51032215 -0.052849278 -0.124245204 0.9707104 0.8913485 0.66706204 -0.59113795 -0.05080755
442 0.66459775 0.7669477 -0.32503432 0.31191528 0.811663 -0.37325618 -1.0015552 -0.9326149
320 0.35438755 0.30728245 -1.6783099 0.99839985 -0.14298388 1.32685 0.36864853 -0.22981867
57 -0.68906635 -0.3744083 0.58332634 0.8839089 1.4624645 1.0181837 -0.0433814 -0.6907729
74 -0.21855444 -0.19080244 -0.583564 0.8556375 0.5086741 1.6830398 -1.9925508 0.6644996
350 -0.36019793 1.4296539 1.0658436 1.9911028 -0.8900025 1.2281382 0.44694018 -1.9596198
419 1.9459318 0.8210563 -1.5223827 -0.2521406 0.9584969 0.6040598 0.057288207 -0.7376492
405 -0.3549174 0.5124022 -0.49262384 1.2511233 0.444768 0.7175448 -1.2065191 0.31650478
417 0.66411495 0.25333437 -0.31019542 0.10468511 -0.25706467 -0.011084324 -1.2630957 -0.97151905
367 1.8671451 0.34616786 0.29231867 2.7954774 1.1971694 0.84292406 -1.2670044 0.1481255
469 0.046514746 -0.32645637 0.41739923 0.549038 0.84798056 0.8877218 0.093689576 -0.45859656
428 -0.07008362 0.34905532 -0.14266586 0.18602544 -0.59828675 0.3001011 -0.35705024 -1.3924828
232 1.3425058 0.9205712 -1.5970049 0.7843915 0.30498448 0.57778305 -0.06721476 -0.18329409
190 1.9837443 0.4636259 0.4092333 2.7181199 1.4513818 0.69721043 -1.4871194 0.09436948
71 -0.39858115 1.1129061 0.6948909 -0.3288068 2.2810206 0.21839064 -0.873911 -1.5252503
491 1.6038703 0.6670216 -1.522595 -0.29718873 0.8290803 0.7456215 0.115760505 -0.632595
83 -0.67838997 0.8137026 -1.2280726 0.67649275 -0.0435414 -0.06308375 -0.27559602 -1.5283895
85 0.061663587 1.0567306 -0.50572073 -0.16148107 0.7757164 -0.32854494 -0.24289744 -1.6891391
392 0.18378168 -0.19223377 -0.31916514 0.404288 0.6107386 0.08291607 -0.62819654 -0.7111321
293 0.37680554 0.2921767 1.280883 0.17682606 0.18140076 2.060112 0.13044778 -0.4445747
365 0.5890549 0.17612301 -0.2250295 0.45890984 -0.6365869 -0.14199366 -1.7772931 -1.4688151
103 -0.15529884 -0.32685354 -3.2898424 -0.37063882 1.0715121 1.5493232 -1.2807884 -0.8204333
303 -0.2546509 0.14969745 -2.636927 0.29777446 0.5491412 0.3358217 -1.2548039 -1.154606
125 0.24913138 1.431769 -0.7185068 -0.23676683 -0.969101 1.214335 0.05641845 -1.0549458
94 0.67513853 -0.3125395 -1.5507098 1.4252675 0.055372536 1.3472285 0.15584338 -0.06680945
123 -0.5657178 -0.79044616 -0.33189663 -0.9846479 0.7857159 0.9117844 -1.8186831 -1.4896826
132 0.41281903 0.62998015 1.7902755 0.18139338 -0.69091475 3.2714155 -0.30244106 -0.75593483
200 -0.18492518 0.36822003 -0.51218593 0.26384446 -0.017558174 0.91851175 0.4391402 -0.6792768
142 0.9224271 0.52931446 0.8802957 0.85310566 1.7676702 1.1359639 0.77689 -0.62781566
100 -0.4636599 0.36404878 -0.2759597 0.29852784 1.3474991 0.04170737 -3.1337821 -1.1099865
503 -0.5586666 0.67293966 -0.80917704 0.46305576 0.07688078 0.19226244 -0.041415367 -1.1434169
426 0.9409924 0.47873315 -0.9106719 2.26006 0.5428744 0.8887491 0.21805048 0.106392324
194 0.5647496 0.019264156 -0.47276622 1.6064501 0.64475477 0.62108696 0.8313341 -0.7405997
280 -0.71668446 0.22245634 -0.4512482 -0.43757746 1.2417761 1.0339504 1.1050844 -2.4694066
482 -0.83311033 1.2132101 0.1458803 0.8581948 0.23474444 0.5545947 0.69142103 -1.7556983
437 -0.4757827 0.9159627 0.019773552 0.61648446 0.7575446 1.1573553 -1.1982816 0.5088649
98 0.3745609 1.0252845 -0.3517492 -0.74948686 0.8032907 1.7324171 0.23564936 -0.09583795
502 -0.30455726 0.5135354 0.2543827 0.07939871 1.1556267 1.1209892 -0.59619653 0.12112513
173 -0.737765 -0.70415556 -0.5979186 2.1395812 0.9791464 1.2291006 -0.3185621 -0.28099164
96 0.35538545 0.77351207 -0.27165288 -0.06272789 -1.0995116 1.0733286 -0.8342175 -0.61507934
422 0.62923944 0.6211558 -0.2609612 0.25098068 0.7918276 -0.2600208 -1.2269777 -0.7468111
501 0.12115449 0.5501228 -1.2778386 1.4128855 -0.046472214 0.59724647 -0.50850487 -0.07495124
176 1.0170995 0.6689458 2.49798 -1.1785942 0.4746217 3.9552996 -1.7644318 -1.1926521
369 0.53515744 0.33504048 2.2594972 -1.0633707 0.22516587 3.8551414 -1.5299743 -1.0780708
208 0.6644405 1.0103811 0.66759473 0.19558434 1.4331397 1.7177545 0.5395326 -0.09430002
140 1.1222522 0.6678794 -0.2081963 2.4102666 0.3091805 -0.12584351 0.8401821 -2.9407523
443 -0.51573896 1.1451387 -0.42925066 -0.32889518 0.013330609 0.5628545 0.0982711 -1.3125969
359 -1.4838423 -0.8232119 -0.6733029 0.95448554 0.26987058 1.162255 -0.5128829 -1.2077674
451 0.52469987 0.017990666 -0.026528908 0.49027568 -1.2062396 0.8104559 -1.0066578 -0.9334791
108 0.65351224 0.9673318 0.61209863 0.13329515 1.3914745 1.6967422 0.65381825 -0.16928126
62 0.70617336 0.3050877 0.5548281 0.2738895 0.12641437 1.0639759 -0.20096363 -0.2632944
374 -0.3486996 0.7595619 -0.3136148 0.44079143 1.334057 -0.34341758 -2.6044111 -1.3365247
390 -0.29092845 -0.77257675 -0.21119614 1.0868894 0.64112926 0.62285984 -0.20794351 -0.734209
240 0.71139723 1.2063135 -0.101138614 2.4709334 0.44536218 0.8706711 0.84301376 -0.61530674
12 0.29146758 -0.2507418 -0.7247506 0.099229984 1.0154415 2.1011755 1.0448072 -0.28017527
38 1.2722992 -0.2776935 -0.044994302 -0.6180889 0.31315473 2.7909236 -1.8393121 0.4001253
251 0.5155957 1.0436232 -0.575745 -0.6624205 -0.7245863 1.9797102 -0.22206193 -0.32300568
357 0.18058044 -0.49324697 -0.9857418 1.4577336 0.48861253 0.5650783 -0.39550924 -0.2739492
161 -1.5749375 0.8440869 0.7738697 -0.19219585 0.34423596 0.8194867 -0.7459119 -2.1945813
248 1.02213 0.92567235 -0.29080918 2.2290196 0.35633624 -0.083458535 0.9640562 -2.6613579
514 -0.658668 0.7880427 -0.33317035 -0.030062925 0.3197489 0.2737506 0.25130373 -1.804763
73 -1.5873814 -0.25519678 -0.20873465 -0.4180994 0.6314614 1.962963 -2.1467853 -0.57895225
447 -0.14586887 0.48724273 -1.1290056 1.4387101 -0.003933804 0.5703029 -0.6162317 -0.11168046
262 -1.1773878 -0.30108562 0.85454416 0.3354442 -0.47422934 3.0301642 0.13816549 -1.1396424
114 -1.6000134 0.040018726 -0.14174588 0.41100746 -0.4432016 0.8228785 -0.6703368 -1.9606932
141 0.45997295 1.903621 -0.91752595 0.45283055 0.03408109 1.069398 0.5178597 -0.30324623
198 -0.3470118 0.03212554 -0.6702529 0.29313216 -0.23884106 1.0330102 0.17695704 -0.7164169
488 -1.2831557 1.1964493 -0.7878713 1.4516658 1.6716603 0.032521535 -3.177381 -1.097733
55 0.46835136 0.35419813 -0.5141233 -1.1555477 -0.64797837 2.209799 -1.4576429 -0.3106223
386 -0.7292334 0.87781733 -0.3819881 -0.02332721 0.28321218 0.20701252 0.13160089 -1.9169798
238 0.44298086 0.58967 -1.6926553 1.5699039 -0.34041792 0.3948122 -0.4146826 -0.49344692
203 2.475275 -0.5799381 0.45605472 0.32396778 0.007458016 0.296961 -0.9601333 -2.3424957
36 -1.2575868 -0.80372924 -0.44709888 1.3395307 -0.4925457 1.41311 -0.2931317 -1.2510101
424 -0.3841303 0.8751848 -0.6875781 0.887694 0.4446322 0.51761186 -0.80549824 0.09853748
150 0.9027361 -0.85571843 -0.43310633 -0.0182347 -0.15661399 2.9736507 -1.8878834 0.40449446
493 0.9831518 -0.42640454 -2.6655335 1.1583238 -1.2581755 1.2919887 -2.4507515 -0.85136944
349 0.49161008 -0.0070282295 0.77032304 0.03954453 1.6149096 1.1705015 0.06522455 -0.5346107
129 -0.15251268 1.1290706 1.3046589 -0.122788 1.6832067 0.8866039 -0.15204899 -1.1391551
330 -0.73701966 2.763958 1.3251208 -0.9280635 2.7016482 1.8666744 -0.3761812 -1.8311574
351 -0.24540074 1.5598716 1.5621307 0.89983547 0.6767845 0.071521625 -1.4282719 -1.6990452
355 -0.068359405 -0.039673224 0.63071537 0.003923094 1.420095 1.6700255 0.70866156 -0.7966724
321 -0.7575945 2.614803 1.218914 -0.9684747 2.490649 1.8748215 -0.33974376 -1.7187802
169 0.57645756 0.5858607 -0.10917719 0.045844335 -0.25276506 0.017655378 -1.8365197 -0.99366367
257 -0.360414 1.6987205 1.1464691 2.3358264 -0.16430219 1.5760735 0.26174486 -0.7041418
366 -1.1740689 0.62983406 -0.5813485 -1.0601438 0.27347904 1.5534319 -1.1314543 -0.83617425
261 0.78080976 -0.56145126 -0.38342243 -1.4356977 -0.27093425 1.5443263 -0.8007423 -1.8724891
298 1.2601062 0.32218727 0.5675221 0.9800185 0.19300297 0.64586794 -0.3329986 -0.24667673
287 1.0809935 0.5817518 -0.2710195 -0.4256562 1.4769641 1.02352 0.16598366 -0.32180065
353 -0.74821264 0.6092663 -2.0090654 -0.5640641 0.49240714 0.21715562 -0.5301568 -1.8655494
80 0.69120014 -1.0172046 -0.719397 -1.1158557 0.49284005 1.1481532 -0.54417914 -2.0798526
255 0.23089673 1.32859 -0.29263788 -0.14572318 -1.0585765 1.8474153 -0.01577611 -0.507127
279 0.7032222 0.26209202 0.31738144 -0.36408967 1.2282751 0.26899466 -0.8580285 -0.74039894
177 0.49867934 -0.5904558 0.22103417 1.5650864 0.7482518 1.2501869 -0.31211215 0.22079863
50 0.1167523 0.72373354 -0.23092784 0.5736581 0.7358337 0.7870482 0.12257886 -0.024399152
309 -1.2101499 0.34947038 -0.040345307 0.08553947 -0.12877706 0.76492596 -0.023732418 -1.789935
156 -0.3872194 1.0611221 -0.9183942 0.6332236 -0.5073802 0.81287265 -0.5846255 -0.2792273
111 1.7936497 1.8016919 -1.0481876 -0.59542644 0.022862008 1.1982502 0.1763297 -0.72873914
337 1.5217077 1.787119 -0.95885205 -0.5955184 -0.21936218 1.2173063 0.25561836 -0.77298605
209 -0.16390598 0.30144545 -1.4817914 1.1287172 0.37888086 0.3483976 -0.87096924 -0.3021229
246 2.2126489 -0.46963218 0.5411155 0.43198797 -0.2920765 0.9081544 0.25070968 -2.3882527
237 -0.9247989 -0.8721208 -0.5565617 0.30432177 1.6065185 1.0254472 0.047948748 -1.2461271
505 0.13523245 0.38725612 -0.6090769 0.6429396 0.48977184 0.031424854 -0.9616963 -0.33981106
52 0.83952194 0.23904924 0.19614121 -0.30612153 1.135423 0.08429769 -1.022346 -0.8314007
368 0.77487665 0.6123426 -0.2829549 0.45733958 0.7320701 -0.3046564 -1.5699594 -0.71993643
236 -0.1372593 1.0653034 -1.6622877 0.5645917 -0.9029624 0.7040028 -0.2936392 -0.99145025
329 0.75543475 -0.28423038 0.12755024 0.021901552 -0.8373158 1.6634465 -1.8868164 -0.3129693
116 -0.96664566 0.005448009 -0.5266107 0.63631076 0.9836903 0.64700484 -0.9310447 -0.2735428
210 -0.15866052 -1.144871 -0.001812208 -0.413901 0.14124379 2.6674972 -1.9413058 -0.13409011
6 0.57331246 -0.19668368 -1.360396 1.0356473 -0.6363 1.447627 1.2739263 -1.4575276
260 -0.98821944 1.4521531 1.3034226 1.2529912 0.34818318 0.024804933 -1.5543474 -2.2399702
33 -0.10469733 0.21389118 -1.2345306 2.01175 0.30517343 0.56106275 -0.7434297 -0.053094015
429 1.011461 -0.4125719 -1.9871794 0.88828826 -1.5930535 1.2210413 -2.0861537 -1.0752769
93 -0.5726678 0.8169814 -0.5835125 1.3395774 0.16955371 0.8712917 -1.1734209 0.25721812
27 -1.3311502 1.4876095 -0.8660684 0.7443923 0.34149677 1.782121 0.49511778 -0.4012795
322 -0.12329685 0.36594236 1.7617877 0.3254091 -0.68658817 3.3437703 -0.06572548 -1.0658937
8 0.016503736 -1.3066343 -2.4625602 1.7822298 0.5921577 0.5298086 0.4300337 -3.814747
192 0.23165509 1.3602868 -0.42742142 -0.50251585 0.17201741 0.4439028 -0.690455 -0.68997175
131 0.24310468 0.3737847 -1.102421 -0.40033123 -0.28034717 2.146717 0.59186816 -0.47743466
292 0.49602804 -0.052103348 -0.010571349 0.026673697 2.1028812 0.6718895 0.13280128 -0.724842
53 0.5738206 -0.7144566 -2.6421075 1.6849114 0.648327 0.25319725 0.5950057 -3.396139
344 -1.2548459 1.2390153 -0.9614097 1.1385413 2.01644 0.26537988 -3.3399005 -0.9047586
174 0.3710291 0.762618 -0.18934762 -0.20045294 1.3984927 1.5190881 -0.29190007 0.4258517
286 -0.26515225 0.59044 -0.8122927 0.9341874 -1.570804 1.6096354 0.20164698 -1.0346922
356 0.51368827 0.249142 -2.0275817 1.2715923 0.12747851 1.2392671 -1.0371078 0.3704332
4 0.081133 -0.62745917 -2.2194784 0.22318685 0.8720451 2.1015055 -0.016204529 -0.065496124
186 1.4218024 -0.15105982 0.32287312 0.98922086 -1.0907953 1.2705978 -0.42321545 -0.7298824
373 1.5859786 -0.58900905 -0.44771624 -1.1479224 0.053685952 1.5844804 0.01118038 -1.7060776
348 0.48766556 -0.21159999 0.30833396 0.9971592 -1.1075283 0.6397881 -1.0833554 -1.0988734
338 0.10803806 -0.4621689 -1.3938124 0.9562303 -0.13075215 1.237825 -0.060970616 -0.27508718
178 0.59405816 0.09047585 0.8087249 0.3688862 -0.01563878 0.91642815 -0.43279496 -0.50691175
274 -0.66049236 -0.792563 -0.14644915 1.2025522 0.8899254 0.7886497 -0.26493797 -0.6823521
56 0.1742893 -0.5047657 0.14218271 1.5456028 0.1800511 0.13340901 0.2131315 -1.9369509
11 0.17363958 0.6388882 -0.99597365 0.6354812 0.47341454 -0.22789983 -1.1188692 -0.68601894
221 1.1299287 1.0881581 -0.11775783 2.1290781 0.5865369 0.8593216 1.1642402 -0.84418815
5 2.4951305 0.029089589 0.433236 0.8114004 -0.3731867 0.8749895 0.03870802 -1.4584712
86 1.628972 0.048484806 -1.0134472 -1.084481 0.009648554 0.9122975 -0.45015112 -1.2840472
32 0.75300413 -0.14146723 0.48669958 -0.29234684 0.9408651 1.6089317 -1.12434 0.21130882
267 -0.6634737 1.1762509 0.37679908 2.2295613 0.43319228 1.1600757 1.2192957 -1.6597191
234 1.0967793 1.9026318 -0.37219906 0.9056699 -0.16924497 0.3298979 -1.1649356 -0.10381963
136 1.4261817 1.3479604 -0.729699 -0.07521441 0.66750103 0.09032118 -0.49165004 -0.6245551
230 0.060490817 0.6574824 -2.8784294 0.27317396 1.0731959 1.586912 -1.0305202 0.08395449
99 -0.9333061 -0.11158558 0.16061161 1.0091738 1.0592138 0.8982908 -0.9060184 -0.13218072
128 -0.9009064 -1.0020822 0.11197087 1.3345228 0.8798756 0.8845902 -0.25929546 -1.1213415
205 0.0010981607 0.44587842 -2.7669704 0.2669488 1.0970217 1.5087814 -1.0933225 0.09039167
197 -0.9529456 -0.22303866 -0.90354234 0.33675498 0.3114521 0.82824814 -1.215882 -0.4606075
244 0.53693736 -0.48018107 -0.9577689 0.91618204 -0.20293501 1.517331 -1.429459 0.5033164
81 0.83007216 0.73411924 -0.50742346 0.07360538 0.45283788 -0.35846457 -1.3549573 -1.0101367
143 -0.53495795 -0.59247637 -0.51031053 0.51477224 1.1708477 0.8127279 0.8570917 -1.8129464
19 2.3209126 -0.038117923 0.41568923 0.7509315 -0.32541725 0.7742133 -0.11948509 -1.3997936
326 -0.12235744 1.1395513 -0.63377255 -0.5042307 -0.47673133 1.4728087 -0.18167125 -0.52306473
195 -1.6488303 -0.58356214 -0.38323662 0.5303558 -0.46107286 2.2508457 -0.20907627 -1.3064252
218 -0.32494625 1.3604348 -0.4432862 -0.23651725 -0.33144698 1.2755595 -0.011835874 -0.5736137
364 -0.09997801 0.3088774 -2.9039185 -0.9821686 1.0589468 0.86367387 -1.9597472 -1.4500633
181 -0.4391611 1.5131294 -0.5552413 -0.05911145 0.18660635 1.0789558 -0.7243792 0.045972962
164 0.21209726 -0.18820979 -0.10229793 0.35524634 0.33611932 2.0938225 -1.5823455 0.7270051
167 1.2891232 0.592314 -2.579281 -1.1843181 0.7148287 0.8110411 -1.2612593 -1.2806337
252 -2.1047077 0.33864793 1.4543686 0.4684546 0.9843078 1.5044229 -1.6537495 -1.9098637
295 -0.49752775 -0.8853712 -0.09898139 1.0556196 0.6428603 0.7183239 -0.14263882 -0.93427014
216 -0.7908887 1.1135412 -0.73697805 -0.30962798 -0.19827081 0.86916214 0.16905822 -1.4939337
15 0.13093095 -0.30412528 -0.2615066 1.0916046 0.8007592 -0.1668262 -0.71761584 -0.92887336
35 -0.88434154 -0.7369521 -0.13507707 0.77305454 0.027108392 1.5157357 -0.00017997624 -0.7542867
160 0.47080582 0.16868842 0.3087261 0.79214585 -1.1424658 0.6387544 -1.2389162 -0.9866858
323 -0.6997066 1.0380096 -0.118392974 -0.34633124 -0.35447675 0.65412605 -0.37517622 -1.4588611
215 1.1626357 -0.86147 0.10409685 0.92941254 0.06270149 0.7037408 0.14227553 -0.99668026
341 0.1826048 0.6090709 0.33355603 2.2104821 0.10633995 0.98340344 1.0582678 -1.3048245
170 0.51717687 0.05761775 -0.6414165 -0.91745347 -0.71614367 1.2445818 -0.19403788 -1.4133103
380 -2.1202788 0.59785604 1.5132879 0.34534073 0.8283891 1.487937 -1.645246 -2.0360274
18 -0.28715593 1.3627414 -0.5444033 -0.47681385 -0.6966905 1.0820558 -0.49541193 -0.92458975
159 0.967105 -0.5763825 -0.49425814 -0.42582342 0.09049142 3.2897046 -1.3208863 0.4524515
64 0.78415495 1.0307727 -0.39877138 2.3332858 -0.80985963 -0.13201477 0.21287201 -2.8028088
332 0.41264835 0.9524813 -0.46861762 -0.17856234 0.5095937 -0.12733743 -1.0374599 -0.91753376
92 0.39632106 1.4993794 0.5177216 1.9348382 0.5745092 0.86752164 0.99241656 -1.1493986
242 -1.5637298 -0.5655322 -0.45909345 0.53842133 -0.46610886 2.1016347 -0.16310589 -1.2919873
171 2.2528925 -0.19108476 0.113649204 0.8869849 -0.24023876 0.9550991 0.06301364 -0.9959743
352 0.43398634 -1.7553798 -0.48926997 0.72541565 0.5675527 1.7554007 -1.2586696 -0.120016634
250 2.3607664 0.022365775 -0.9336043 0.3232542 0.15677811 0.6021535 0.17441085 -1.0491765
66 0.7528124 0.57773674 -0.42903483 0.069473095 0.46720704 -0.38552275 -1.4012654 -1.0848786
284 0.25851327 -0.0014997694 -0.27690035 0.9664547 0.7512326 -0.24664065 -0.7161357 -0.86695486
273 -0.11641855 1.2790431 0.3577418 0.29217026 1.3714361 1.3239579 -0.38215765 0.39956874
328 1.3970302 0.60440934 -2.3433313 -0.9920824 0.5755781 0.7052879 -0.9260158 -1.184793
327 0.1503198 1.0557446 1.6217825 0.1908613 0.8483607 0.50497335 -0.49060807 -1.3995607
223 0.044011887 0.0785675 1.0277681 0.09699464 1.282298 1.3455571 0.35202044 -0.79565763
288 0.3224664 -1.6269497 -0.4266026 0.8266069 0.5835731 1.5175886 -0.9402231 -0.20491667
370 -0.14750093 0.45950902 0.25882578 0.20238851 1.1015775 1.0513219 -0.56168556 0.21298888
335 0.6393053 0.6630086 -0.38582572 0.10009652 0.6234433 -0.18592994 -1.2698873 -0.68351406
379 1.0938727 -0.48111615 0.14115927 0.52773815 -1.3672644 1.6265008 -1.5921793 -0.7037838
300 0.010543546 -0.28348863 -0.18043484 0.59855384 0.939187 0.8839992 -0.021315388 -0.13753515
378 0.17621411 -0.22676566 0.42062843 0.80431217 -1.1225106 1.0217639 -1.0774376 -0.8740211
549 1.4294972 2.277486 0.044501662 1.8741655 -0.76273507 1.4529593 -1.0023606 0.30125564
345 -0.30014998 1.1139643 0.3176898 1.4482664 0.18442841 -0.10074611 -1.0046515 -0.81272155
41 0.09562518 0.8558318 -0.4167844 -0.0501335 0.9155459 0.28325564 -1.4155995 -0.16233686
346 0.84451425 -0.32773015 -1.2098913 0.62787366 -1.5191275 1.0048921 -1.5892379 -1.0504806
231 -0.044683494 0.48925468 1.1587903 0.39511263 1.1973952 1.2006781 0.030290013 -0.5122728
102 -0.37627688 -0.9882435 -0.104462616 1.1136657 0.5869337 0.6947395 -0.18474267 -0.9711235
20 0.20627992 -0.04110728 -0.40939423 1.1276728 -0.38300136 0.5652293 -0.7974513 -0.3135407
69 -0.6599307 1.0885755 -0.5816156 -0.21203591 -0.47235554 1.0992254 -0.03500664 -1.0279856
44 0.37578633 0.2795087 -0.87183857 0.7487312 0.1657893 -0.22071224 -1.0835329 -0.7452883
258 -0.09592658 0.6339501 -0.041384928 0.25868165 -1.1288612 0.9832042 -0.75771844 -0.82710034
347 0.6276229 0.7117733 -0.34431577 0.047280394 0.6745082 -0.18433887 -1.4522867 -0.7256263
168 0.43937987 -0.7550973 -1.5551244 0.7404815 0.07574465 2.0284226 0.86353344 -0.6244184
47 0.96666366 -0.31839338 0.08832641 0.5148137 -1.3173271 1.3628962 -1.3646255 -0.72077966
166 0.8959663 -0.4820803 -0.048741687 -1.4503479 0.1408007 1.3519077 -0.75853795 -1.7702276
342 0.29985464 -0.2172004 0.65552443 0.13159972 1.2492747 1.6388743 0.37539607 -0.41455886
155 0.70168495 0.49027112 -0.34239453 0.3482648 0.5044026 -0.3612166 -1.2365367 -0.9870553
42 -0.01242717 0.5772174 -2.8004296 0.27086446 1.1041557 1.4810706 -1.1350307 0.07913235
340 0.0004696842 0.47928756 -2.5819685 0.6287539 0.6749986 1.6632253 -1.071732 0.2796757
88 2.0007074 1.1029639 0.52430755 1.2637115 -0.8907104 1.2516818 -0.33592147 -0.28430408
212 0.022564834 0.9692277 -0.58994246 -0.2825254 -0.6593992 1.1671178 0.08782572 -0.86936843
317 1.2353815 0.092555076 -1.4689113 0.06625435 0.6001449 1.5311013 0.5618965 -0.1338152
283 0.66179967 -0.31064802 -1.3330755 0.35876647 0.01844831 1.7821138 0.9148394 -0.62093264
148 -0.21707433 0.34323588 -2.690567 -0.9271162 1.0781206 0.71328664 -1.7620757 -1.5229555
16 -0.18019173 0.84619695 -0.46956676 -0.08246466 0.98256963 0.4463347 -1.0439363 -0.15606272
45 0.6393991 -0.34023774 -1.3753994 0.27937755 -0.0584724 1.8680086 1.0699905 -0.8207657
3 -0.10225874 0.4195629 0.004591534 0.5189804 -0.37115538 0.58911926 -1.2526094 -0.24704236
199 0.847634 -0.20914172 -0.06873959 -0.03999938 -0.6346649 1.3339539 -1.402721 -0.24967529
297 0.29450038 -1.1857102 -0.40148124 0.5690096 0.4024392 1.6263564 -0.74146473 0.09545332
264 0.52781665 0.5186197 1.0260262 -0.032675084 1.0839075 1.0970747 0.21884798 -0.69665
360 1.1194162 -0.6559587 -0.30298012 -0.27673233 -0.25362766 2.4581206 -2.3496811 0.097488314
163 -1.0599804 -0.060782507 -0.99193656 0.8684322 -0.34160313 0.8893051 -0.57761055 -0.77786624
281 -2.1254299 1.557081 -0.8701044 1.4514874 0.9757122 1.5951103 0.110345885 -0.75583595
213 0.9123898 1.085314 -0.99841046 -0.118394256 0.9619319 1.3430977 -0.34662393 0.50344074
29 0.5049246 0.024699364 0.18455103 0.458779 -1.1594694 0.9522791 -0.91530204 -0.9154285
224 -0.19135828 0.9616804 -0.5307939 -0.45725167 -0.56370664 1.3487046 -0.05838193 -0.72665685
112 -0.73612314 -0.4341944 -0.8681502 -0.44072038 1.7834033 1.3406222 0.7163431 -1.830897
269 1.0343429 -1.0062815 0.6232142 1.3383051 -0.1494284 1.090213 0.27238736 -1.2738521
180 0.59268695 0.6649224 -0.5209236 -0.28042558 0.630958 -0.14514852 -1.7811075 -0.8604264
375 0.0043781362 -0.7647011 -0.26002547 1.191895 0.7262376 0.564748 -0.16345865 -0.60970443
109 1.5323944 2.362245 0.03145327 1.806228 -0.8121659 1.3456445 -1.136694 0.21060406
76 -0.980634 0.009499496 -0.6846279 0.9139313 -0.5062438 1.1772084 -0.21534437 -0.62930113
354 0.47381756 -0.14565946 0.23621118 0.6220028 -1.121244 0.73049575 -0.89654106 -1.1390964
243 1.9265423 0.6817413 -1.4869932 -0.3183367 0.42260623 0.82512754 0.004512315 -0.64347154
60 0.21133375 0.92144406 -0.41072235 0.15712251 0.7365289 0.21916556 -1.3734457 -0.12864839
372 0.57344294 -0.4897894 0.035914447 -0.31149003 -0.56076205 0.81722546 -0.54844403 -1.3809471
145 0.6737049 0.38882074 -0.4772925 0.10049233 0.41718444 -0.3131513 -1.5393401 -1.0582
122 0.40139464 -0.64322203 -1.5745426 0.7796031 0.029802835 2.0088787 0.7877156 -0.498905
144 0.16780095 0.44864744 0.048092134 -0.80563927 0.37691754 0.50359017 0.37124687 -2.2486815
343 -0.5768207 0.7846981 0.17235242 0.7140071 0.6474726 1.2754219 -1.3759297 0.49056327
207 0.73681474 -0.071057186 -0.9369276 1.2429869 3.1263814 0.13943991 -0.057402074 -1.294989
130 0.8259709 -0.7477587 -0.031798903 -1.1676077 0.7623963 1.004541 -0.81185395 -1.6669747
151 1.7226588 0.5718696 -1.6753907 -0.12594502 0.7321804 0.6240566 0.15319444 -0.7650367
319 0.22860983 -0.05524608 0.19809029 0.70446724 -1.1548017 0.9332075 -0.8714827 -0.92067736
311 -0.090411305 0.43359038 -1.1635668 1.6864539 0.060389753 0.30881396 -0.4454184 -0.38529414
193 -0.076169364 -0.86530316 -0.23525524 1.0989412 0.6255683 0.80372244 -0.05880571 -0.5654776
184 0.6769739 0.7114279 -0.53719383 -0.25988552 0.6911519 -0.12803936 -1.7464747 -0.8399855
77 -1.4694872 1.1364121 -0.6059951 0.6102793 0.39979452 0.7134881 0.055812526 -1.2214377
271 0.6825568 -1.1523242 0.50714093 1.3609387 -0.0469495 0.9789842 0.17764193 -1.2647828
26 -1.081419 -0.8475366 0.0979608 0.9252976 0.09842317 1.3142985 -0.15327546 -1.0972617
241 0.3891351 0.2065521 0.44113094 -1.0265645 0.8940497 0.9666236 0.15974803 -1.6578575
58 0.28463525 0.489365 -1.2578561 1.4706373 -0.17963426 0.73268294 -0.5494987 0.03422346
270 0.5390754 0.86220646 -0.90337425 -0.22492602 0.2777846 0.3391042 0.21613295 -0.95429367
363 0.056887142 0.40530086 0.67835814 0.6746775 -0.25103298 1.048175 -1.8105323 0.022031112
124 0.6147719 0.57294285 -0.52170664 -0.15648259 0.42619893 -0.21505284 -1.3455715 -1.0257632
104 0.19874397 0.6871785 -0.49062175 -0.35252938 0.5521739 -0.068574734 -1.284709 -0.95755327
40 1.9392189 1.1116608 2.3850148 -1.3994621 1.2375886 3.3891563 -1.894068 -1.0207367
54 -0.6158479 0.6440412 -0.5411142 2.6366978 -1.5038557 1.844544 0.09270291 -1.1063117
249 -0.2550572 1.1805888 0.085245244 2.3742423 -0.6793676 1.6928903 -0.08192026 0.00050689053
49 -0.5612936 1.7183728 0.115343764 -0.93271077 0.7251695 1.377296 -0.046173878 -0.86449575
97 0.79317653 0.72585636 0.5442881 -0.37210625 0.91125536 0.28699163 -0.9052324 -0.6650045
233 -0.23989792 1.1020608 -0.3848181 2.347554 -0.60859376 1.4979607 -0.2556131 0.14466648
118 0.3819601 -0.4621644 -1.3764306 0.50655425 0.28695887 1.9466575 0.8259193 -0.36175182
304 -0.5859534 0.82980835 0.15912586 0.6911572 0.5941446 1.2592394 -1.3266408 0.45582664
339 -0.06892603 0.3734357 0.107634895 0.5239459 0.70950973 0.58388096 -0.060425498 -0.25619912
324 -0.12072568 0.14730668 0.006637211 0.4095403 -0.7147468 0.27017564 -0.30770543 -1.6739004
206 -0.04968789 0.7469012 0.051312476 0.6048104 0.7960532 0.2115128 -1.2725375 -0.122432485
146 2.0965984 4.017794 1.2202775 -1.5274572 0.18562841 2.0935023 -1.4113275 -2.473573
285 0.14693245 1.1676292 -0.266048 -0.39870942 -0.6959404 1.170892 -0.053699013 -0.896612
254 0.6421563 -0.34741792 -1.2560955 0.25954723 -0.111640744 1.8238618 0.93283725 -0.769951
313 0.41466802 -0.37192175 -1.3556881 0.549787 0.17588535 1.889382 0.87241036 -0.4188583
162 -0.22703323 0.6785039 -0.54714835 1.1086775 0.15219972 1.2115737 -1.0543355 0.6051924
67 -0.38541523 -0.9135683 -0.14546593 1.1778122 0.6887387 0.74584186 -0.017520744 -0.8978154
214 0.7172495 0.6451627 -0.21430582 0.19033198 1.0695437 -0.28633037 -1.2721771 -0.73604774
89 -0.5438656 1.3704933 -0.5532821 -0.38128725 -0.2422192 0.5208563 -0.0008429336 -1.6645732
358 -0.5147904 1.233117 -0.53725415 -0.25412965 -0.23864439 0.43903914 0.12541488 -1.738008
135 -0.06211902 0.48016754 -1.0706108 1.3163644 -0.121826254 0.32904688 -0.54232585 -0.39363757
183 -0.1372248 0.49254122 0.2474336 0.6617479 -0.49046212 1.0989954 -1.5829138 0.04943074
189 -1.6269099 -0.43234 -0.41390523 0.54275244 -0.483218 2.145523 -0.23720184 -1.2461307
310 0.31263041 0.33110067 0.82304674 0.077696905 1.0994558 1.1662946 0.08040317 -0.35921246
72 0.4544897 -0.13611391 0.18759133 0.7138341 -1.087567 0.71840835 -0.77299565 -1.0249732
278 -0.5518563 1.0365523 -0.27267215 0.20051737 0.7322021 0.89960253 -1.3345411 0.18080668
120 0.85851043 0.28498024 0.1072635 0.21958488 -0.2946546 0.2935511 0.2084411 -1.4898431
179 0.06979452 -0.12446197 -1.4823759 0.8976425 0.2571874 1.1116558 0.1377186 -0.17303409
245 -0.43678173 0.86373353 -0.49228212 0.14843719 0.79860854 0.99287033 -1.0734003 0.3090338
90 0.228184 0.34662655 -1.3187966 1.3696889 -0.03884763 0.6218783 -0.43798152 -0.11143682
121 0.031828362 0.4780813 -0.12109314 0.88886726 0.86366296 0.6294019 0.018968752 -0.043730456
68 1.8288805 1.1478416 2.3413286 -1.2926823 1.2125626 3.3151765 -1.9769597 -0.93628466
115 0.67041785 0.88666946 -0.4124921 0.09069931 0.56348014 -0.19314966 -1.152445 -0.6561086
265 -2.106165 1.5809928 -1.0008318 1.3760267 0.95282537 1.7721133 0.17508674 -0.65240395
2 -0.63969445 0.94732505 -0.227141 0.4890317 0.9043525 1.0181513 -0.989144 0.3491454
362 0.3018016 0.29735428 -1.2505026 1.6659353 -0.050780755 0.5330922 -0.60577923 -0.12365241
31 -0.49134076 1.0549395 -0.1924173 0.276514 0.8684469 1.0664155 -1.176565 0.35167968
172 -0.58228004 0.8436126 0.28558514 0.68745536 0.52182186 1.3224653 -1.5513893 0.46124253
307 0.7274533 0.3241965 -0.9806231 0.3864224 0.17817985 0.4554967 0.10991424 -0.48188332
182 -1.2023944 -0.7112833 -0.3122064 1.0099651 -0.053776592 0.91602445 -0.47613162 -1.2400733
17 -0.18003038 0.043251526 -0.18159796 -0.87745905 0.4367116 0.63855577 0.20501822 -2.2409935
289 -0.02319621 -0.4186365 -0.97307616 1.2753714 0.75663644 0.58153534 -0.44176698 -0.16856226
308 -0.06615193 -0.8120525 -0.08213388 0.9692818 0.7769545 0.6808612 -0.007367371 -0.7809387
149 0.00912137 -0.5055763 -0.82437557 1.297892 0.7741484 0.5525532 -0.43525046 -0.24884257
23 -0.6762368 0.9266342 -0.30219996 -0.133891 0.35340667 0.27158734 0.2705639 -1.9330114
228 -0.453107 0.9728472 -0.41165152 0.2971035 0.905558 1.0329553 -1.0732816 0.3738143
331 -0.4625397 0.9758513 -0.34892234 0.17770347 0.8811533 1.0639021 -1.0477172 0.3466151
21 -0.5414921 0.69464403 -0.27664724 0.41627383 0.9270667 1.1477382 -1.0353436 0.4477834
48 -0.0030602596 0.40550005 0.41187385 0.60843796 -0.6342796 1.0312492 -1.5394592 -0.16386418
34 -0.15260959 0.40653688 -1.0348008 1.2528534 0.043950573 0.5103314 -0.602746 -0.15089728
247 -0.47176522 0.9217371 -0.37385252 0.26080966 0.8011936 1.0008333 -1.0460579 0.31585172
305 -0.13262476 0.37377384 -1.2556363 1.1458206 0.037401237 0.4501319 -0.6421768 -0.25283286
25 -0.45909944 0.69227076 -0.055600625 0.44714522 0.46137187 1.1510587 -1.4020511 0.38365594
1 0.76665485 0.8779239 -0.48540765 0.10309111 0.8584032 -0.28211546 -0.94933367 -0.7648605
113 -0.191134 1.3274757 -0.5625213 -0.4242268 -0.35516825 1.4729477 -0.08377847 -0.45188147
126 1.7297895 2.6107683 1.4755887 -1.1437272 0.89342517 1.6774867 -1.2048948 -1.4325885
154 -0.5284901 1.1699774 -1.8622828 0.1915254 1.1257212 1.3801402 -1.1757197 0.448454
152 -0.13501222 0.5686438 0.5181957 0.7284384 -0.48309827 1.0784371 -1.6505319 -0.02166787
227 -0.22160944 -0.77552664 -0.4863194 1.1380099 0.92003727 0.4757403 0.12741205 -1.0743061
282 0.35430604 0.83500695 0.82119036 -0.04248888 1.0612924 1.214268 0.4215184 -0.5627006
82 1.7379472 -1.0068529 0.56246376 0.5319419 -0.08325883 0.19988886 -1.9936076 -2.5491703
277 -0.58178735 0.65656817 -0.513173 2.83112 -1.5894184 1.9266284 0.14972971 -1.1939863
294 -0.4795129 1.217794 -1.4865794 0.17147134 1.0539569 1.2713795 -1.1843189 0.4604279
226 -0.41267103 -0.012702397 -0.3481703 0.67538065 0.92004186 0.8471288 -0.42444697 0.064422935
220 -0.5903375 0.7863084 -0.46248016 0.023855139 0.112678126 0.11864644 -0.01045222 -1.7752235
315 0.4496394 -0.02505133 -0.3410265 0.27555522 0.5861588 1.5175996 0.6578784 -0.13078484
299 0.3571993 0.47728217 -1.1270657 1.4970479 -0.18337987 0.42810515 -0.534786 -0.21498324
229 -0.08888166 -0.6166128 0.019760808 0.7028664 -0.32218713 0.5194955 -0.12101439 -1.4139279
316 1.5864798 -0.92958814 0.6325658 0.4698988 -0.13476296 0.16415754 -1.9531986 -2.6125576
139 -0.19216007 -0.17423542 -0.23824322 0.36065912 0.15766472 0.34393984 0.29182193 -1.652241
217 -0.17835969 0.36007154 -1.0331264 1.1790267 0.012911172 0.4478299 -0.684997 -0.2017589
37 -0.6414273 0.8529883 -0.10183421 0.44208476 0.77287924 0.9475656 -1.1357003 0.2277419
204 -0.04837826 -0.8487075 -0.34646922 1.0510827 0.7124274 0.75753456 0.12334683 -0.74147433
301 0.65454173 0.4205379 -0.08092511 0.16185005 -0.21141157 0.04243584 -0.9520332 -0.8865866
87 -0.46142673 0.9752604 -0.48809624 0.12944537 0.9037173 1.0175005 -1.1688904 0.3021197
202 -0.5598911 0.7237982 -0.36237714 0.09287243 -0.12818766 0.15056638 0.018846141 -1.9471112
371 -0.4174186 0.9335429 -0.13492109 0.4060069 0.5365851 1.1684742 -1.3234427 0.42720762
134 -0.5264567 0.9681261 -0.19217564 0.3434322 0.7138598 1.0444936 -1.2644686 0.33996087
325 -0.32884774 1.0293977 0.14066018 0.5322599 0.5202269 1.0146601 -1.5874232 0.36586937
275 -0.34969398 0.6085533 -0.35669646 -0.028661218 -0.21584333 0.21676427 0.10747324 -2.0867934
333 0.6267656 0.8694791 -0.51598114 0.057137504 0.4375152 -0.12703352 -1.0267717 -0.69231045
95 -0.6987063 0.8409506 -0.18787506 0.47122177 0.8220951 1.1755834 -1.0449908 0.3398715
158 0.37700194 -0.39040083 -1.4346412 0.5763504 0.28469965 1.9035357 0.70175 -0.2913168
107 0.10031923 1.0565846 -0.3800603 0.21339492 0.7483837 0.33721966 -0.89858156 -0.08717888
79 -0.047796987 -0.7365339 -0.3312852 1.0571791 0.61822945 0.6254123 -0.1301519 -0.5756193
119 -0.47812948 -0.019394623 -0.25363642 0.86165327 0.8665574 0.8497952 -0.3924622 0.02248286
157 0.6830917 0.91046244 -0.35167095 0.07956041 0.581996 -0.20721316 -1.0709348 -0.72125304
239 -0.35156447 -0.7715895 -0.066599846 1.3787233 0.690822 0.5607027 -0.27433872 -0.7846114
78 -0.18387207 -0.75510377 -0.30093774 1.0462276 0.7934249 0.6053106 0.16727614 -0.89105284
101 -0.5841625 0.90266544 -0.27689576 -0.17895167 0.28232768 0.2699173 0.1712168 -1.8614297
65 0.12692317 -0.24715345 -0.606731 0.8280536 -0.4064697 0.5863696 -0.82363766 -0.4352683
70 1.0516398 1.1314209 -0.37619567 0.25862625 -0.100977756 -0.25339162 -1.2077849 -0.9602458
314 -0.14622447 -0.8773673 -0.28561252 1.1704241 0.71589637 0.72366947 -0.103696205 -0.53612316
334 -0.5035223 0.9952436 -0.43102327 0.2698249 0.8690361 1.0077662 -1.177637 0.3638952
302 -0.71422666 0.74067754 0.38134676 0.8759115 0.63832545 1.3193552 -1.5805515 0.4441911
276 -0.09252626 0.43623418 -1.0503885 1.3074183 -0.012791516 0.42454436 -0.59877706 -0.17999029
336 -1.2144274 -0.46770138 -1.297293 3.084021 1.0759871 1.5673417 -0.84548193 -0.24897549
187 0.40566778 -0.17613596 -0.16081783 0.3687026 -0.99986464 0.7003969 -0.8820228 -1.0108858
191 -0.19697393 0.5578647 -1.1436098 1.3498732 0.033870418 0.4021702 -0.47322056 -0.31844014
91 -2.192202 1.3547821 -0.9432529 1.4400274 0.92251635 1.6057755 0.031619053 -0.81907415
105 -0.38467556 1.0221556 0.042971767 0.4602806 0.5677671 1.0862248 -1.4607811 0.4345814
63 1.5356079 -0.25849634 -2.3668845 1.2964909 -1.486184 1.4808803 -2.4798865 -0.7420448
